玄関,
玄関,
玄関,
玄関,
玄関,
玄関,
玄関,
玄関,
玄関,
玄関,
玄関,
玄関,
玄関,
玄関,
玄関,
トイレ,
トイレ,
トイレ,
トイレ,
トイレ,
トイレ,
トイレ,
トイレ,
トイレ,
トイレ,
トイレ,
トイレ,
トイレ,
トイレ,
トイレ,
東,廊下,
東,廊下,
東,廊下,
東,廊下,
東,廊下,
東,廊下,
東,廊下,
東,廊下,
東,廊下,
東,廊下,
東,廊下,
東,廊下,
東,廊下,
東,廊下,
東,廊下,
洗面所,
洗面所,
洗面所,
洗面所,
洗面所,
洗面所,
洗面所,
洗面所,
洗面所,
洗面所,
洗面所,
洗面所,
洗面所,
洗面所,
洗面所,
キッチン,
キッチン,
キッチン,
キッチン,
キッチン,
キッチン,
キッチン,
キッチン,
キッチン,
キッチン,
キッチン,
キッチン,
キッチン,
キッチン,
キッチン,
ダイニング,
ダイニング,
ダイニング,
ダイニング,
ダイニング,
ダイニング,
ダイニング,
ダイニング,
ダイニング,
ダイニング,
ダイニング,
ダイニング,
ダイニング,
ダイニング,
ダイニング,
寝室,
寝室,
寝室,
寝室,
寝室,
寝室,
寝室,
寝室,
寝室,
寝室,
寝室,
寝室,
寝室,
寝室,
寝室,
寝室,
寝室,
寝室,
寝室,
寝室,
寝室,
寝室,
寝室,
寝室,
寝室,
寝室,
寝室,
寝室,
寝室,
寝室,
リビング,
リビング,
リビング,
リビング,
リビング,
リビング,
リビング,
リビング,
リビング,
リビング,
リビング,
リビング,
リビング,
リビング,
リビング,
寝室,
寝室,
寝室,
寝室,
寝室,
寝室,
寝室,
寝室,
寝室,
寝室,
寝室,
寝室,
寝室,
寝室,
寝室,
南,廊下,
南,廊下,
南,廊下,
南,廊下,
南,廊下,
南,廊下,
南,廊下,
南,廊下,
南,廊下,
南,廊下,
南,廊下,
南,廊下,
南,廊下,
南,廊下,
南,廊下,
