9.556710824122311571e-03,9.942621790571959037e-03,1.133416918440449846e-02,1.051611063845948012e-02,1.053184466275732672e-02,9.204499633190026120e-03,1.005864099527838638e-02,1.254797933346278420e-02,1.011135994709808084e-02,1.280163677948387979e-01,1.163582096428959212e-01,2.266233665756660076e-01,1.110957700285991265e-02,1.183671373543997984e-01,1.286239642982739753e-02,1.061493763844911960e-02,1.247600363261009392e-02,9.511561584247370943e-03,1.021485220326546865e-02,1.058266527536208534e-02,1.004996878683004843e-02,2.294090190694030862e-01
1.029659499638928277e-02,1.105187621884130486e-02,1.077424288086465121e-01,9.799323666480449363e-03,2.052912178374501351e-01,2.058933879794460353e-01,7.756716307945936417e-03,1.002804373541424030e-02,9.083839570231266522e-03,1.087039328926983801e-02,1.082342654512385982e-02,9.899009720104198773e-03,1.110603772296452421e-02,9.673917516089073146e-03,9.577906875462904174e-03,1.087990056619212234e-02,2.030769550079392638e-01,9.704415996317321269e-03,1.027318128293408864e-02,9.770652151119111478e-03,1.075673761794714162e-01,9.833398026167023548e-03
7.988027120760095301e-02,3.855547723948431482e-01,8.254513748074307489e-02,8.864905803711868593e-02,8.129720753948312117e-02,8.424598392695446802e-02,7.303055200590818398e-03,8.676484489425649246e-03,7.176750569149659663e-03,7.545452928391694486e-03,7.458742707078330758e-03,8.357582227987690737e-02,7.057206460930357146e-03,7.475798608064878475e-03,8.498397363038449545e-03,8.103392612544049398e-03,7.295933084246854390e-03,7.474347080166021499e-03,8.242274773470326804e-03,7.529807447442227707e-03,7.717502828616929628e-03,6.696600980223421998e-03
7.854379859074929124e-03,9.047589299726117168e-03,8.581574131905040509e-03,8.079341904524578802e-03,8.219257531675707579e-03,9.156766694665918749e-03,9.210692183092619723e-02,2.525247213008047775e-01,1.686775772165769183e-01,9.003572366629896198e-03,8.859827228348654549e-02,1.733271128801160132e-01,8.431374942510821285e-03,8.439140641305450941e-03,7.507001932759701200e-03,8.104491767716158132e-03,8.134982108723471869e-03,1.004528275985969166e-02,7.977649346879625569e-03,1.026589168004977785e-02,7.902503114891174657e-03,8.801459440519156241e-02
9.657788975723950037e-03,8.902928171431592069e-03,8.209098038468391409e-03,8.687107813233179918e-03,2.759234060594095150e-01,2.760942925538696913e-01,8.347535592859606571e-03,9.831573044436250908e-02,7.971222084368845273e-03,9.842780914367592685e-03,9.056459854247208771e-03,9.110601973385177438e-03,9.836812568440780891e-03,9.045831698709077412e-03,9.214967420438651899e-03,8.620788263573627222e-03,9.527439563196789946e-03,8.608311170382208777e-03,9.896600585632878144e-02,9.737833044692226214e-02,9.043737643382541297e-03,9.638822892898154734e-03
1.174183227318856444e-02,1.315402443690227331e-02,1.332558378319526060e-01,1.246418160042046114e-02,1.344959780810330366e-02,1.142122468795180555e-02,1.361192376036713704e-02,1.186947032897137447e-02,1.358136040819500900e-01,1.374740586979658619e-02,1.195770808977115150e-02,1.313688694033002813e-01,1.096208752378485633e-02,1.119739712589406383e-02,1.149725508519077941e-02,1.374952495369067829e-01,1.064712787659457399e-02,1.217614403823715288e-02,1.170947635948775024e-02,1.360560439831075101e-02,1.343182444220115956e-02,2.534221534407161691e-01
4.913453248431546086e-03,4.622772834129218640e-03,5.841289024018083038e-03,5.670036281093676807e-03,6.495017338096019562e-03,5.454931019355247976e-03,5.818034591001501610e-02,5.083383464926065007e-03,6.120326375613713982e-02,6.257479408213506566e-02,1.168310890585250311e-01,2.229509701142088351e-01,5.645325400095892697e-03,6.081114869817223767e-03,6.028396897314604666e-03,5.889918429644910164e-02,4.614586933386819606e-03,5.329309453788207487e-03,1.702205636302639158e-01,1.729541052489170505e-01,5.479538642278203656e-03,4.926528496617886901e-03
1.059947677324719895e-02,1.386711556792441860e-02,1.177426682493009670e-02,1.364543296322463517e-01,1.213450619199426747e-02,1.228135927352582736e-02,1.166257166813058216e-02,1.464409039950912393e-02,1.381882349614515886e-02,1.329521684678174331e-01,1.459081233601436552e-02,1.290520911909885382e-01,3.786388278176576194e-01,1.158045901381972442e-02,1.159500291196004923e-02,1.046551030986624976e-02,1.286472376989615182e-02,1.155531851274267489e-02,1.355410315863340119e-02,1.272094643384202861e-02,1.174739955822704136e-02,1.144609669088153016e-02
1.356057129696819352e-01,1.145384282553069469e-02,1.216567973888296045e-02,1.340111930649206251e-01,1.208740838124648838e-02,1.159207535039667551e-02,1.205500143280379723e-02,3.790576864453604200e-01,1.142820722449188961e-02,1.347217171682771886e-01,1.241576982983583731e-02,1.359283679329438554e-02,1.224154183909388627e-02,1.163203549354936694e-02,1.111491918019837620e-02,1.161689265810439929e-02,1.060607874246871120e-02,1.337725724922214122e-02,1.455453170710276078e-02,1.120690349329536706e-02,1.174394702840791428e-02,1.171876138383383219e-02
2.422994145052127790e-02,2.165866034820762911e-02,2.914989911433959330e-02,2.087097154854745604e-02,2.311553001661336565e-02,2.245276581311562644e-02,2.423415177865562153e-02,2.660379042137133165e-01,2.560552989511351296e-02,2.129169608371944342e-02,2.451372292975027151e-02,2.550802315978165646e-01,2.950649970040788647e-02,2.250294003344803853e-02,2.400588461489923733e-02,2.434888139921250957e-02,2.103651484427155813e-02,2.302176913367081842e-02,2.304326547038824946e-02,2.760049062977821752e-02,2.347117104237285423e-02,2.322157834143711089e-02
5.017424109935322146e-02,4.722580386516233436e-02,4.851951399315854174e-02,4.716864487555966212e-02,4.014319784079834613e-02,4.004268450987111261e-02,4.927564345081556635e-02,4.533818639126090122e-02,4.615718923472073715e-02,3.679720643373095984e-02,4.796194704571313944e-02,4.055690299031591839e-02,4.692192424862009353e-02,4.411178406501020666e-02,4.897785520159139705e-02,4.716616305596284253e-02,4.517334470996312024e-02,4.410183018966282870e-02,4.687590608289576161e-02,4.576878511868540805e-02,4.549256146637920689e-02,4.604868413076868006e-02
1.308612105993548769e-01,1.420923668472360082e-02,1.322857253177761941e-02,1.270734861078072486e-01,1.258140040796765918e-02,1.207514954457267718e-02,1.191663677572122639e-02,1.184670073473149780e-02,1.328392835807626071e-01,1.164944617368397599e-02,1.286310000330627250e-02,1.391366974474087664e-02,1.108822874663018161e-02,1.234113444386774824e-02,1.014943379208390652e-02,1.326070804843759894e-02,1.349031458970244637e-02,1.269444075350368781e-02,1.241833380610554878e-02,1.226145472643831377e-02,3.829002847599481396e-01,1.433777344413283451e-02
9.386051215302573802e-03,8.711773263140555265e-03,1.880276427489432911e-01,9.470659020441252185e-03,7.127912379106884043e-03,8.233218293534299778e-03,1.009919847242186641e-01,9.611579762127385462e-02,1.938833339658990462e-01,9.796646834195395920e-03,8.413585525449034444e-03,8.923895625754345307e-03,9.365596178202602318e-03,7.598227194337930229e-03,2.707568174200536970e-01,9.769586842060879600e-03,9.650327027273196065e-03,9.037386669102934200e-03,9.232888363125916348e-03,8.137069073830742114e-03,8.565346185454901159e-03,8.804253829298124695e-03
2.636026706107643530e-02,2.766466460522529376e-03,5.237576471775408360e-02,5.073424013043004860e-02,4.903785456333353138e-02,5.390434274866217484e-02,2.654752428899091396e-02,2.420963066040840266e-03,7.437538036688702558e-02,2.717424542759735648e-02,4.815330616580700690e-02,1.447545171854175972e-01,2.820175554504566248e-03,3.452926707543311213e-01,5.221685090339642926e-02,2.599097672094257197e-02,2.186101450259046817e-03,2.566992280835544635e-03,2.658880327169591950e-03,2.637344656695503331e-03,2.394021545253951014e-03,2.631113624092647381e-03
1.929109680303913582e-02,1.935709776105415392e-02,1.859308671160974161e-02,1.721751470230145284e-02,2.107817753582614528e-01,2.155290719503094865e-01,2.001867411292092974e-02,2.310216411022497640e-02,1.992379327879973544e-02,1.555062141370453649e-02,1.852085135259121454e-02,2.117464699451135704e-02,2.102682165123697516e-02,1.980660178526936696e-02,1.888526847062483097e-02,1.980337425319991795e-02,1.909373765057537434e-02,2.080680823530494661e-01,1.689262374357713287e-02,1.990900301789883323e-02,2.004349071130230933e-02,1.741060181393796688e-02
1.547913784149031469e-01,1.507589138436021825e-02,1.449923918465383099e-02,1.373259103216956795e-02,1.506171165590212413e-01,1.575212918501767700e-01,1.399581411581032019e-02,1.371379524285246988e-02,1.393703640191778538e-02,1.481235333538996959e-02,1.435359429863651039e-02,1.604730622518733829e-02,2.826197823441052304e-01,1.621162196397803873e-02,1.291399458738297021e-02,1.511264167914507482e-02,1.640583994447642607e-02,1.057504153769640680e-02,1.168465543881402544e-02,1.323863876920819242e-02,1.308521642732544954e-02,1.505515926278934956e-02
9.217427366154518423e-03,1.072241694595169395e-02,9.922874361628422624e-02,9.926636109594929452e-03,1.033076204332305896e-02,8.827109403510356722e-03,9.638390162865569100e-02,9.100096234245859048e-03,1.783148676754542916e-01,9.870018632009341930e-02,9.502722690438673153e-03,9.328014903641580757e-03,8.741612265481035760e-03,8.881075831856745373e-03,9.982516943799372294e-03,8.807591389562201972e-03,8.105901545235806582e-03,3.705343775813952356e-01,8.566182586898649781e-03,9.156600553218261981e-03,8.643325372034870238e-03,8.997930993169946795e-03
1.744712218731080816e-02,1.833364675931066848e-02,1.998578620034851747e-02,1.990327827110288661e-02,1.855415425541036972e-02,1.992254721001596868e-02,1.753350638648095566e-02,2.057701756260981243e-02,1.888714998734399367e-02,2.229753518554323036e-02,2.095043967140155505e-01,2.133323279725921895e-01,1.914806267368147213e-02,1.792021228059034396e-02,2.007361791343386867e-02,1.855082755061712718e-02,2.087484271872669106e-01,1.923003778169290676e-02,2.117028426371604655e-02,2.041457056179485710e-02,1.885432100297651514e-02,1.961117009214439350e-02
9.675299121172750705e-02,9.293446140644132103e-03,7.570456364878356409e-03,9.874109825845370225e-02,1.014435193554577043e-02,8.422694208564151727e-03,9.777396049427942992e-02,9.628094557554431679e-03,9.913001231301313276e-02,1.050090305623212379e-02,9.150812872810392892e-03,9.840288336596499097e-02,1.054417949435485294e-02,9.854346990913494253e-02,9.704850133669046253e-02,8.992795408354396780e-03,1.851942653537982653e-01,7.660845996200510433e-03,9.407134740398614969e-03,8.582071466751689526e-03,9.221878854605148126e-03,9.293152660043151048e-03
1.478335417468318869e-01,1.585391846302056790e-02,1.412497349327935560e-02,1.360778943575050720e-02,1.423981356349551981e-02,1.315277542614799386e-02,1.210764866438413835e-02,1.417960819376165062e-02,1.428944721513224561e-02,1.487803517727748041e-02,1.512048966519264070e-01,1.552389923352821832e-01,1.199518839610819523e-02,1.476109360746504645e-02,2.893986394692015796e-01,1.602130975927493900e-02,1.389048376883404191e-02,1.418971363840114235e-02,1.394399973266310759e-02,1.354358350890596564e-02,1.576373552783282700e-02,1.578081222502278336e-02
