1.224566706871590624e-02,9.755658354616841485e-03,1.026995677947175126e-02,9.721141318042893220e-03,1.197921157404979869e-01,1.246649321383749148e-01,9.137343521928610601e-03,1.191155851705848895e-01,9.743281538260723657e-03,1.174255413648465050e-02,1.163749731745641891e-02,2.260460125262497566e-01,1.163541045964075829e-02,1.179834744758860160e-01,1.002714723639201722e-02,1.133823465513941753e-02,1.034166652234503637e-02,1.096257758345768607e-02,1.234362758829512796e-01,9.030430513112133392e-03,1.102287319046099494e-02,1.035016386992910001e-02
4.301946603075970307e-03,4.631368474972886833e-03,1.003613987578887284e-01,5.120362613786035716e-02,4.437956814171751564e-03,5.237255413101780770e-03,9.443261970189865961e-02,5.215797834919014449e-03,1.447075380403949896e-01,4.069664220963042749e-03,5.344834203168520592e-02,1.013602741008003405e-01,4.494722140761069074e-03,4.476465787401267236e-03,1.963833110029999385e-01,5.127903167629753456e-03,1.927921624850267857e-01,5.025965073168285092e-03,4.859451988180763654e-03,3.953090281362106606e-03,5.318093821583944406e-03,4.161046120153570962e-03
1.067606919764942097e-02,1.165230691297728868e-02,1.308734817693236498e-02,1.289077088959248059e-02,2.538031140422930543e-01,2.576160275075319306e-01,1.025921156490444859e-02,1.226560772606296451e-02,1.418859008935168149e-02,1.389872844094975149e-02,1.316833443372684813e-02,1.334689811669151349e-02,1.307458283209732980e-02,1.001693619023323600e-02,1.241315851249742523e-02,1.206582554289574276e-02,1.344781296142785465e-01,1.341868179765783320e-01,1.175390715553061016e-02,1.231736717179789456e-02,1.095301145651589141e-02,1.188725644891115187e-02
7.410252737300783432e-02,6.363353090199577386e-03,7.122588974771872604e-03,5.630095199491895117e-03,7.494000159802211014e-02,7.185614714109164747e-02,6.802517239080652089e-03,6.389207815761498328e-03,5.935116887408171081e-03,6.992633633912613209e-03,7.373051629500176896e-02,2.006264852938359766e-01,5.450584711844532609e-03,7.130320243294439864e-02,2.713697582804473485e-01,7.307236001993491770e-02,6.385971655367702650e-03,6.561930516499270109e-03,7.159885084332757305e-03,5.949016705400831176e-03,5.568537067890951681e-03,6.687562983751596871e-03
3.226177464293569080e-02,3.164566944507902178e-03,6.420210722723580787e-02,6.164276850278092856e-02,3.124920219571328261e-02,3.523255910922222511e-02,3.410265661144974009e-02,2.912530594530612655e-03,9.421550461868902215e-02,3.370541868526201468e-02,6.410093859959650753e-02,1.238699008818596042e-01,2.871233905456146204e-03,3.918897326556977090e-01,3.155772426853255264e-03,3.286479426619574006e-03,3.334688750983044563e-03,2.671140577001837602e-03,3.713727121769762676e-03,2.629329280556045104e-03,3.127914293988816232e-03,2.660052947290542438e-03
4.666357304778627479e-02,5.005493998117253873e-02,4.414093834255634202e-02,4.461658465460218576e-02,5.010159133194855979e-02,4.469232643718321074e-02,4.576469589906208280e-02,4.555414070460349352e-02,4.363175089185147848e-02,4.657515292331881190e-02,4.015674375599104923e-02,3.968332410316952746e-02,4.140947505330831724e-02,4.924735146641571332e-02,4.153600431761433204e-02,4.340200433061092850e-02,4.353219169015930257e-02,4.788562493496203998e-02,4.406836843952123550e-02,4.953707042094283169e-02,4.605104371472837355e-02,5.169510355849177979e-02
4.617738946679001387e-03,5.285938615673039034e-03,4.773598844279617129e-03,5.508979603048731397e-03,6.039464007206008823e-03,4.984357236683589418e-03,5.910502101006300663e-02,5.353636979495137935e-03,6.002515336650490058e-02,6.417311886066967563e-02,1.156885943358127722e-01,2.234309357828988263e-01,5.925673946387318564e-03,4.914444334664935972e-03,5.670608848866281679e-03,5.780887246827570713e-02,5.237958210068336014e-03,5.807293244425273254e-03,1.762437172191453072e-01,1.675489369552730645e-01,5.761470326195529228e-03,6.094486857683635572e-03
1.390696531618164367e-02,1.367212816099296242e-02,1.439939977968401376e-02,1.279121940091993044e-02,1.394173565479413929e-02,1.577437384612949064e-02,1.412492797530675269e-02,2.908941049429927261e-01,1.305490610301567912e-02,1.490184295545468329e-01,1.506148883744933831e-01,1.586885396671645354e-01,1.513010050545927909e-02,1.421428266791286733e-02,1.221016866808749719e-02,1.400167740941693842e-02,1.326588103931032082e-02,1.449517019319889778e-02,1.480956778808570178e-02,1.329256453447918984e-02,1.287356344093463709e-02,1.482540497689278230e-02
2.391414202763948726e-02,2.457930671066018910e-02,2.633417308919768218e-01,2.370066900205412136e-02,2.298643264504977857e-02,2.373394559926494604e-02,2.640464239329824367e-02,2.615469152210065373e-01,2.600599731848944260e-02,2.201872319923270371e-02,2.569553351971651245e-02,2.366388406784939932e-02,1.945850075291194123e-02,2.311630693071849152e-02,2.162591791931989943e-02,2.653466406274676212e-02,2.516138564372759345e-02,2.467756986874757377e-02,2.535387220033043926e-02,2.255305444979716425e-02,2.234514014063717496e-02,2.158166543482508207e-02
1.466597724213979381e-01,1.443641441410652149e-02,1.290051843254282071e-02,1.298402981129516062e-02,1.581719688090998943e-01,1.570663641025286938e-01,1.234516447348144724e-02,1.584727860249855735e-02,1.300850396319592171e-02,1.401589959927905873e-02,1.756837742672546013e-02,1.511441244539766908e-02,2.824277427164079146e-01,1.464260514980097669e-02,1.344358060342866826e-02,1.601889892241217458e-02,1.522895031652291703e-02,1.279528761020630630e-02,1.367471258542680632e-02,1.462247845149995673e-02,1.301402146323823311e-02,1.401301767950672433e-02
2.090284635558590717e-02,1.956473811653357958e-02,1.998431079988957637e-02,1.793379711512909161e-02,2.068517843352652985e-01,2.101119149536417041e-01,1.935910029671471244e-02,1.844175885487106537e-02,1.898045794265216385e-02,2.213444882273903416e-02,1.618261853927443691e-02,1.922268526426338525e-02,1.890979579070339520e-02,1.876372210710323257e-02,1.923544676213635729e-02,1.952452767628498273e-02,1.963345348561162246e-02,2.112259703544890760e-02,2.168000449017541340e-02,2.116477602872203212e-01,2.177400137703320790e-02,1.803822959172278473e-02
4.217916227816342900e-02,4.875187815669226182e-02,4.119653896179615443e-02,4.934451246030324006e-02,4.900950977977830414e-02,4.731719612432736671e-02,4.677837923082121124e-02,4.839941221949028982e-02,4.679193249980870273e-02,4.732024146535186021e-02,4.569688060920316930e-02,4.500125476094682386e-02,4.286996730175167414e-02,4.014103169988832848e-02,4.675646671091270717e-02,4.381893719981056617e-02,5.097134427166184062e-02,3.908203953344054765e-02,4.584794295813181958e-02,4.018002579405679370e-02,4.563549683816325170e-02,4.690984914549954643e-02
4.427147187593230560e-02,4.904002649568426492e-02,5.385373607629279080e-02,4.290870742769251067e-02,4.618618560979480953e-02,4.384975423189347438e-02,4.450760517598563448e-02,4.311055984848857769e-02,3.696698534535497460e-02,4.356672945854508233e-02,4.375485777816055105e-02,4.384122538496802030e-02,4.662538359657807802e-02,4.610337942910449488e-02,4.944097505078865612e-02,4.496049830375867251e-02,5.047414213805399147e-02,4.262241402363314141e-02,4.514886940938111354e-02,4.233585176191458077e-02,4.991262083009211786e-02,4.651802074790203911e-02
6.736355476624232563e-03,6.818317980895380499e-03,8.231963185914953351e-02,9.153550346455334788e-03,7.009830915755493018e-03,7.079876017875881902e-03,8.664270512090330167e-03,6.669013112259570240e-03,8.082660414635856050e-02,8.545754388673786062e-02,8.191274772468690180e-02,1.675179652775856676e-01,7.963163639800780597e-03,8.235554131563890823e-03,7.193162510348125212e-03,7.783952456893404592e-02,7.264615447635414287e-03,6.802004996461318356e-03,8.874548111570726081e-03,7.251524791585311699e-03,7.541977363647191408e-03,3.108682171819785456e-01
7.572698171048233839e-03,8.568751990316366557e-03,1.029904113257384818e-01,9.532087491553299652e-03,1.076863679620303563e-02,9.905739544114357947e-03,9.375151285104674215e-02,1.059797603802590041e-02,1.849426986101414261e-01,1.013258929644803991e-01,8.809254461228198732e-03,9.393008595801536145e-03,8.737534900257009490e-03,9.668461917292503829e-03,9.047618298149871438e-03,8.755654369338295925e-03,8.893900587055920959e-03,3.608439974476770340e-01,9.294846225721626123e-03,8.135117631973593985e-03,8.558249224726938859e-03,9.905950558109888338e-03
1.167709644588631190e-01,5.658039109729601397e-03,5.146088630312036991e-03,1.171852125662341676e-01,1.176313334917458986e-01,1.135241282002417279e-01,5.831453292748756990e-03,1.708777408054527325e-01,6.095273158167005545e-02,6.335017123492574752e-03,5.360448735772801489e-03,5.384245848855644806e-03,5.252530383212314358e-03,5.924880510354721581e-03,4.793226004183958992e-03,6.093430693437163100e-03,5.574206337113967770e-03,5.228292159689474153e-03,4.884714191491908337e-03,4.790593668029127783e-03,2.209291778341086754e-01,5.871544373259100953e-03
8.605152204746606415e-02,3.887846293093791261e-01,7.891050459422198349e-02,8.213722594351192952e-02,8.500478025749123867e-02,7.847356821871863397e-02,7.255309138729001961e-03,7.784731504200414522e-03,7.380250100485608207e-03,6.828096847257237104e-03,8.210969974705002727e-03,8.604526493928076059e-02,6.930871107756667211e-03,6.504480243002055094e-03,6.901945972551959581e-03,8.933089957314297239e-03,9.551705839015097593e-03,7.537030644196455846e-03,8.267038414976302443e-03,7.664881060261444397e-03,7.685373822485403253e-03,7.156730062993740468e-03
1.096391127862449411e-01,9.654893799108487176e-03,8.212982128647431865e-03,1.103061877130629004e-01,9.465146722444297764e-03,8.525192222987768020e-03,8.504969473714105513e-03,9.173603140458050365e-03,8.826832725275351663e-03,1.046592272778663207e-01,8.533752070133567708e-03,1.087159402200347930e-01,3.121833700421037805e-01,1.060474581515764847e-01,9.479289059304419132e-03,9.285784656293089370e-03,9.617272434708406051e-03,1.084132282487934931e-02,8.419083649562602439e-03,8.090841301591440715e-03,1.155835164084350816e-02,1.025938595915937973e-02
2.196762592425077418e-02,2.376580046061497684e-02,2.532433272741505328e-02,2.069567758078025288e-02,1.863305555898594340e-02,2.327626970282939758e-02,2.371464374293833638e-02,2.246269592648913321e-02,2.368571856261426911e-02,2.241525687585991036e-02,2.259174876612221605e-02,2.666633478167939053e-01,2.345306951100529017e-02,2.505101420391682432e-02,2.147617622094064732e-02,2.525670470280558591e-02,2.454492551510700435e-02,2.264540723633565872e-02,2.322855731874963470e-02,2.209684538811768420e-02,2.502738085902344450e-02,2.720237453983042064e-01
1.512577884697183933e-02,1.327582023105536475e-02,1.282651468055135552e-02,1.655545458284114063e-02,1.426178649910177232e-02,1.482270870363749937e-02,1.530817056077234117e-01,2.851865251056800443e-01,2.907449011235660463e-01,1.319775667334980099e-02,1.413831386860599226e-02,1.329895984830099104e-02,1.417750478294576254e-02,1.546793901784728961e-02,1.616447096309416714e-02,1.325974642522937709e-02,1.299493259963655292e-02,1.370164642485915962e-02,1.450741614971236444e-02,1.384515218435946292e-02,1.420349009648675526e-02,1.516147558444307444e-02
