2.666777790395945535e-01,1.486454810545721240e-02,1.155559429664054609e-02,1.246351403606694476e-02,1.390384290291078913e-02,1.244196217209083549e-02,1.306272435753869435e-02,1.158413415421128030e-02,1.258582844141720863e-02,1.173694398715252260e-02,1.109585244296310523e-02,1.429138337070359754e-02,1.108303905579252104e-02,1.258253736941069081e-02,1.252661334949292486e-02,1.065812346522001554e-02,1.265768826710760887e-02,1.334461131938469332e-02,1.295343524325031324e-02,5.079298446235940290e-01
1.448393915122963421e-02,1.781780015601543143e-02,1.881361715113859592e-02,1.846759343696431285e-02,1.593572653231975847e-02,2.017496048366171704e-02,1.301861406475618779e-02,3.367718093493904385e-01,1.545835940351271594e-02,1.569988842073731170e-02,1.494829963857704537e-02,1.465445194816464639e-02,3.606453056854513894e-01,1.955718746269092742e-02,1.756748598001233591e-02,2.012584300632406023e-02,1.655750185308212802e-02,1.625406709623549231e-02,1.654369560363399758e-02,1.650385357610228629e-02
1.211518147084856417e-02,1.284404682257755774e-02,1.357377138574301402e-02,1.219291294213956794e-02,1.270489798397929360e-02,1.334583411563860199e-02,5.243554590688949135e-01,1.168625259825372721e-02,1.171878231244343968e-02,1.296035137664634102e-02,1.133263965894296121e-02,1.274930211877930986e-02,1.182289291623754741e-02,1.241119932802542403e-02,1.148592164812779759e-02,1.415900530160153943e-02,9.703827328305141692e-03,2.542377790472139520e-01,1.090236950598267099e-02,1.369757306961864700e-02
1.013678410343292480e-02,8.165462547854147532e-03,1.134718212031624214e-02,7.212824417352153329e-03,9.395471595347674662e-03,8.689301981113520257e-03,9.525437402283570484e-03,1.019066358580517431e-02,1.133525946259935323e-02,8.187049788838609080e-03,9.561486251816646645e-03,9.816987379602543085e-03,1.091259118814963749e-02,1.047244902382810441e-02,1.025509731603418788e-02,8.624416857015039864e-03,7.711219834644510683e-03,8.168207687520586679e-01,1.106985557187180162e-02,1.056969082003484176e-02
9.112771620474545420e-03,1.110594726546174429e-02,8.879451180309918049e-03,1.033885149690400712e-02,8.942788906270192698e-03,1.027849277745923780e-02,1.074080184594392202e-02,1.047951048288949666e-02,8.624695083617191227e-03,1.374857865994323983e-02,8.149770199733782361e-01,1.011328996237395583e-02,8.225519903652897882e-03,9.444581169284852265e-03,8.693586315022074074e-03,9.918367632593457633e-03,9.599742583851062633e-03,9.276231779976468195e-03,9.659031973175236790e-03,7.840739387418665940e-03
5.126419976489567792e-02,5.558859871777668826e-02,5.556165328247898716e-02,5.537683284020582936e-02,5.094171655572758001e-02,5.115872346908450358e-02,5.404847042865020684e-02,4.717192324187510083e-02,5.730576421925943215e-02,5.009681440521546875e-02,5.004269905515872779e-02,4.823002461997139695e-02,4.994318568618707349e-02,5.105131451244240143e-02,4.531509652911691610e-02,4.320916598802347630e-02,4.070575592699011286e-02,4.232529833213923010e-02,4.236554333097433678e-02,5.829721909382677009e-02
9.118937885613648958e-03,8.667663209657719067e-03,9.156263387390077904e-03,9.126671335534970730e-03,8.611367804741042881e-03,9.398916374156057046e-03,8.407828776580248895e-03,1.069105670317116279e-02,9.632789512641130175e-03,1.007338179253816114e-02,8.738675935058937833e-03,2.031651822848981048e-01,1.012331813672570115e-02,6.234912530087340921e-01,1.139523902642674592e-02,1.046109159936455847e-02,1.138392663338478467e-02,9.165053902431295751e-03,8.875960877650745928e-03,1.031542181330106882e-02
8.006761027485313764e-03,7.759642960241419120e-03,7.207514676947292427e-03,8.490743674026647314e-01,6.334127549311930304e-03,8.678185652022427088e-03,8.243626137121389322e-03,7.530393496008659301e-03,8.702311516083199514e-03,9.109582654945318214e-03,6.464852569084500108e-03,6.415714192394355100e-03,8.930945536842180982e-03,6.578434433252297077e-03,6.268846224748563303e-03,9.328630026981702544e-03,9.815316543684230594e-03,8.163781955248340660e-03,9.148197801694820178e-03,8.238767643236848473e-03
9.044165742124689669e-03,1.012136443764302673e-02,9.595039998890006819e-03,8.897032918999512804e-03,8.860500032397028089e-03,9.782998562078320734e-03,9.755701257534799345e-03,1.152446518368007745e-02,9.783963287330990286e-03,8.158115849244046425e-01,1.118816899707815796e-02,9.782031541905785929e-03,8.649356590673751635e-03,8.633124648045345517e-03,1.256963229828904523e-02,8.648044921487839723e-03,9.553616203812861571e-03,1.001255259980817630e-02,8.341347357747348062e-03,9.445308496068857348e-03
4.511950048045160200e-02,5.455321556069451377e-02,4.817451557684583607e-02,5.213824045029308296e-02,5.721852522760036835e-02,4.880407593791235427e-02,4.604100660047329846e-02,4.164503835603238641e-02,5.138362734621659822e-02,5.039159455609968502e-02,5.388972355657952601e-02,4.806328787829071414e-02,5.244583573928438686e-02,4.801824081146549572e-02,5.238986267183570744e-02,5.619920566832994901e-02,4.375497278786785738e-02,4.992566783679544540e-02,4.778936369369567172e-02,5.205449926323537507e-02
5.834317462369716933e-01,7.291340183386260491e-03,1.480807561446587650e-01,6.154673306157578717e-03,8.347950816192835355e-03,7.177763333346033267e-03,6.506884708972893519e-03,1.530256335920885669e-01,8.802502832517787590e-03,6.885917693507903094e-03,6.334382856257781205e-03,6.424953983813591098e-03,5.609633253179235543e-03,5.640589888929632700e-03,6.696569063918650193e-03,6.507036198231935104e-03,5.814414887003563868e-03,6.488064521950475012e-03,7.789397770056546294e-03,6.989788728858225761e-03
2.114419357258252516e-02,2.326647542546421768e-02,1.773881508170028348e-02,2.411365436173737095e-02,2.917547834937654280e-02,2.555467864532946776e-02,2.583175981296552404e-02,2.634408564693769758e-02,2.437375920016389419e-02,2.849694483083145199e-02,2.806076138422589419e-02,2.532133100823324295e-02,5.269824446435200649e-01,2.396755431278120574e-02,2.086647841579961776e-02,2.484655679374187659e-02,2.737898740398979694e-02,2.483598033474933992e-02,2.571657815706927808e-02,2.598348261880142548e-02
3.997622221575861980e-03,4.872762398588029870e-03,3.195346461161930884e-01,4.769274205798876634e-03,6.339797896314790064e-03,5.779356359457085007e-03,5.932918453963361705e-01,5.286239346183579935e-03,4.430879312038996619e-03,4.079853037002510903e-03,5.030489988381095685e-03,5.066439078042197543e-03,4.821584543079421997e-03,3.890514720323801773e-03,4.078194295578210608e-03,5.206248582520985567e-03,4.795105392026505035e-03,4.255955644304804456e-03,5.648953639327274241e-03,4.824237826926415680e-03
1.041697643447504588e-02,1.315925096446252628e-02,1.403517975195854930e-02,1.334534451368878279e-02,1.250176037497084842e-02,1.121089151461797384e-02,9.822212551789720122e-03,1.280393329723237932e-02,1.377772930491989560e-02,7.608567589566217482e-01,1.112962549632422193e-02,1.360294330864607153e-02,1.268717495871026640e-02,1.246844022188180016e-02,1.190047031861211045e-02,1.553408424354709404e-02,1.394840007219639091e-02,1.154687080946686928e-02,1.180044218577436937e-02,1.345151072010316792e-02
1.398563001146871203e-02,1.122211448218263415e-02,1.158645174475729685e-02,1.273287837220885184e-02,1.140382192805529903e-02,1.055850858235667447e-02,1.320821031800203244e-02,7.693122127683571509e-01,1.141026970418453947e-02,1.118078842010204223e-02,1.293820256222864146e-02,1.100998620872788505e-02,1.109051534901264041e-02,1.186483463785680328e-02,1.371441486125105774e-02,1.506540009574818505e-02,1.181080767897603467e-02,1.200172126728862865e-02,1.107559621663401807e-02,1.282763479060035697e-02
6.694980096324453303e-03,6.600948522132142789e-03,5.178302572352581207e-03,4.428458648500600142e-03,4.798756007458177680e-03,6.835110216633779635e-03,7.279505742706218058e-03,6.483058523939583435e-03,6.530706736254844255e-03,6.150511729443175132e-03,5.587496115926609414e-03,8.852162543453364618e-01,7.103471021894418660e-03,6.125843434501319212e-03,6.462441381156882290e-03,4.666205011715178833e-03,6.092007213149202259e-03,5.919781752610728774e-03,5.624320161635366910e-03,6.221840766329098452e-03
9.593104884682837272e-03,9.033019929950527813e-03,7.236733962936525190e-03,8.648143057624431765e-03,9.838425599238460537e-03,8.716357618056544410e-03,9.121577689855714724e-03,7.598005894277416565e-03,8.001304399686425331e-03,1.039175708535483231e-02,8.019121393286055346e-03,7.300525057970253147e-03,6.876798782793430709e-03,7.717395445834168352e-03,6.652107241000986514e-03,8.279792774086875556e-03,8.034898065920753618e-03,1.032416796724292159e-02,8.404886255819671304e-01,8.128137568233375840e-03
2.198462525198970063e-02,2.746700310545219931e-02,2.122105316683041767e-02,2.628630185259079460e-02,2.740392816699356235e-02,3.136231767965132894e-02,2.732789800530961016e-02,1.984333751652953351e-02,2.479878619252628286e-02,2.251036374762103304e-02,2.448164169961779962e-02,1.959311903851993983e-02,3.012571237765412913e-02,5.160218609693096870e-01,2.297683875662721170e-02,2.652962268514143934e-02,2.978897791429416936e-02,3.058022598067773948e-02,2.387627982224162573e-02,2.582010607042221906e-02
2.955756021803811195e-02,2.622501363387733445e-02,2.310936902271101129e-02,2.386955567810951015e-02,2.836810647910056188e-02,2.988592436586475290e-02,2.391874137424125982e-02,2.472257268578223130e-02,2.666563067686721425e-02,2.941536261196382382e-02,2.351855939805464618e-02,2.263338851935996904e-02,5.284694949955262011e-01,2.190293322417624297e-02,2.234774841889808003e-02,2.223294667718003770e-02,2.301692883422819247e-02,2.103892846681685788e-02,2.665215574992950767e-02,2.244907896927479315e-02
8.318326919828157237e-03,9.213182375520755432e-03,7.721706138493809359e-03,7.005764635167820512e-03,8.450792903451295190e-01,7.473902618562667383e-03,7.708319902673582517e-03,7.569394520777115998e-03,9.687252969693581003e-03,6.873687136816936105e-03,9.611522605243491557e-03,8.813990093843877827e-03,8.002843164674913398e-03,7.408857833149232359e-03,7.187886379454927650e-03,6.813718367860677541e-03,9.729870999847360993e-03,8.408504685700304501e-03,8.781845689697909824e-03,8.590132617863744866e-03
