8.273779562728704115e-03,8.176098210891907803e-03,7.886323437888276625e-03,8.722696478857925803e-03,1.784848185908300688e-01,1.716951828812524894e-01,8.793329005888389505e-03,1.670822676943674034e-01,9.029756125652313101e-03,7.363679057691784220e-03,9.128529924628370207e-03,1.692131187839479856e-01,9.455752592290750727e-03,9.438864450138362283e-02,8.321520908188584018e-03,7.653963075771361146e-03,8.683816993987637442e-03,8.392054573363052702e-03,8.388351794402988670e-02,8.701044091751437837e-03,7.892344135467794022e-03,8.777761429140603505e-03
1.590716477693996656e-01,1.352400057921680776e-02,1.555320287578723475e-02,1.193782835289739289e-02,1.573359298149760166e-01,1.531197393931357786e-01,1.394772051530950366e-02,1.241297316571434751e-02,1.369625471462558586e-02,1.247842218714447643e-02,1.529410075206637416e-02,1.441527182493172396e-02,1.362906885218594100e-02,1.104945950781283798e-02,1.549792128515216534e-02,1.475822070093526714e-02,1.199328073810559600e-02,1.171161599302029087e-02,1.380357749737340552e-02,1.294491030237184155e-02,2.877920910649829356e-01,1.403276211285462913e-02
5.640708477725774744e-02,4.737009285492322849e-03,5.478983735921896109e-03,4.845483427612532444e-03,5.210074331655187123e-03,5.947344115220879086e-03,4.827357756340993310e-03,5.193884460401689170e-03,5.690506841850879495e-03,5.281709289456995582e-03,1.530000985312001127e-01,3.013131468128761870e-01,5.938449319584452810e-03,1.483527025327564253e-01,2.023278569390997428e-01,5.449833650359310611e-02,5.297037727533336626e-03,4.939087470373019172e-03,5.263336800238452295e-03,5.989942028138234634e-03,5.625438625266617962e-03,3.835128688129036106e-03
1.343513148198144033e-02,1.338653373994095480e-02,1.487553035215793129e-01,1.403979289884587332e-02,1.550864556492913549e-01,1.555355132834548848e-01,1.389362806092209884e-02,1.334861738688561394e-02,1.400354320209259464e-02,1.312953417696027456e-02,1.343399420468995714e-02,1.277491462009698597e-02,1.429540198433694800e-02,1.274162297558963965e-02,1.341874257352912263e-02,1.134721197747042866e-02,2.967363719736964001e-01,1.447005668371172289e-02,1.450352267389791970e-02,1.367829540695627601e-02,1.399474194358552546e-02,1.399106958048452858e-02
8.370644149613631901e-02,3.853607478318388235e-01,8.046980035229128747e-02,8.382535002753298270e-02,8.208693123938970437e-02,8.878786379514909399e-02,6.249774245357636593e-03,6.842628800863261897e-03,7.765675817421062790e-03,7.327585109965244550e-03,7.252876357155436417e-03,8.587976896916356406e-02,6.870362868241634488e-03,8.221364368080673682e-03,7.911566600697209073e-03,7.732628891019295743e-03,8.328299274748167738e-03,6.545428008568695069e-03,7.604686385540283984e-03,7.484074052294651530e-03,6.273479885086194648e-03,7.472665623458598846e-03
4.719574218079104939e-03,4.566650635181610657e-03,4.835204003377855352e-03,4.147078645790385799e-03,5.147172731356136621e-02,4.975230302714438863e-02,4.982269102711531228e-02,5.244024948110479790e-03,5.114252549265527886e-02,5.465323799664734833e-02,1.007720033876917387e-01,1.954618754870016961e-01,4.725533466433145223e-03,4.594390883348515274e-03,4.081307248147634549e-03,4.979034879775603994e-02,3.807067644503866425e-03,4.393197148358363516e-03,1.491660937806507936e-01,1.930221199496901519e-01,4.681158562462489278e-03,5.149886336292437694e-03
4.073881485132103270e-02,4.578056506388891722e-02,4.915411744093788060e-02,4.579901154315130923e-02,4.560928642593115728e-02,4.693477959601440735e-02,4.697309392603127298e-02,4.609944298261307860e-02,4.216350993758644777e-02,4.520094720158557289e-02,4.190544569119933338e-02,4.216153914629402338e-02,4.552367153848974057e-02,5.453928930426573535e-02,4.624678630078007252e-02,4.512783909943211824e-02,4.231257031427719528e-02,4.347650037724925393e-02,4.210747987935704872e-02,4.718273876046397142e-02,4.652094162314787673e-02,4.844162899598233180e-02
4.539230853229987532e-03,5.388246658130893714e-03,5.929461172369418498e-02,5.544760472245354593e-02,5.695714935177925708e-03,5.896015296047619689e-03,6.549671068022432270e-03,4.924302747360815788e-03,1.107251484895586252e-01,5.773909072509123691e-02,5.819377466909077257e-02,1.635642989310653883e-01,4.956563429625236196e-03,5.077073857764247307e-03,4.543295201055549959e-03,5.742049189538543652e-02,4.961541353883789328e-03,4.994079901731739851e-03,5.302011404099633667e-03,5.308118696608629845e-03,1.101561621323549345e-01,2.593229513085674731e-01
1.090006459850643705e-01,1.052383060549900648e-02,1.044055326214126389e-01,1.054917250427781505e-01,1.103830275989367560e-02,1.047122210784018348e-02,1.188227148534460285e-02,4.025019259718481401e-01,9.524976059110507390e-03,1.080507585694268774e-01,8.554335743552793705e-03,1.041493564449021830e-02,1.093721985718564514e-02,8.784630769587927976e-03,9.837703187877685357e-03,9.738349184156412652e-03,9.009280600139701542e-03,8.646019233058209463e-03,1.029550220296494671e-02,9.763675229263720293e-03,1.068815779584172433e-02,1.043899934366255590e-02
3.899783449697829391e-02,3.386902729751737999e-03,7.258721804427645252e-02,7.478364769052822658e-02,7.362097518010306263e-02,7.487051210183916228e-02,3.859507754587640505e-02,3.519648464301646396e-03,1.128872780771687651e-01,4.060254791167920707e-02,3.387600411443623689e-03,4.013314936495366442e-02,2.827976496138930127e-03,3.909220557375774341e-01,3.124107596024289484e-03,3.937427043169056291e-03,3.667848219366486376e-03,3.056322097284069460e-03,3.842703096460985731e-03,4.265727289833743351e-03,3.705957154922564969e-03,3.277483250322056792e-03
4.033162823210181130e-02,5.289390289078121227e-02,4.421221287473206529e-02,4.631307889334963096e-02,4.769514710794684614e-02,4.039787605131038573e-02,4.956265948799919857e-02,4.735937295542414632e-02,4.165923173331927132e-02,4.511164116047504391e-02,4.428212090442647242e-02,4.630547356250676316e-02,4.070003898767140388e-02,5.096106289104639780e-02,4.642437209685362776e-02,4.517501809013242664e-02,4.098162597114875932e-02,4.429964644286663727e-02,4.473010632368805417e-02,4.856722732282989924e-02,4.785092908140940737e-02,4.418562693798055996e-02
8.663642803203360637e-03,8.880798625900399729e-03,9.947865877766109977e-02,9.872248848855537384e-02,8.799516304065625391e-03,9.766972043020037686e-03,9.729673095819317552e-02,8.267923880355838515e-03,1.882474879115282884e-01,8.508363290028304882e-03,9.318176881638705680e-03,9.282439392231670722e-03,8.735298660676734522e-03,7.842596222878859755e-03,3.639962523763421443e-01,8.640652365521106840e-03,8.562123112691522389e-03,1.040615733216635266e-02,9.795816479940841134e-03,8.857640829049884257e-03,8.839791700453673851e-03,9.090471563896914547e-03
1.158450120694223297e-02,9.892045610832775338e-03,1.162416934730566183e-02,1.346764421945155499e-01,1.186138399988854487e-02,1.442315836540773895e-02,1.245226048398289861e-02,1.090175854384489891e-02,1.350329537114077980e-02,1.393399517772229701e-01,1.093027335859571639e-02,1.299998504193069226e-01,3.756436663010748189e-01,1.258371790158708224e-02,1.309765550490317801e-02,9.911666057358794329e-03,1.272397005173487444e-02,1.328782215474789453e-02,1.267826479301582647e-02,1.211975739140711862e-02,1.327834956844130450e-02,1.348603959674259632e-02
4.881429432460687029e-02,4.700501529277100604e-02,4.683264187670322515e-02,4.420277507970959280e-02,5.062120744836879488e-02,4.490968925374445170e-02,4.429885105925867456e-02,4.346804273841467503e-02,4.660325534974541634e-02,4.155704851544761436e-02,4.688586845265910880e-02,4.551707488812890140e-02,4.013381655296473227e-02,4.283096604149197462e-02,4.340228016199621647e-02,4.791117005016324454e-02,5.078031427866376568e-02,4.205012043956372902e-02,4.907512110389452425e-02,4.662158589013795651e-02,4.416855014277334956e-02,4.231031105879175247e-02
7.246753070303747074e-03,6.755380199663429085e-03,7.586651165713277634e-02,7.649939692319272788e-03,7.788000010597820322e-02,7.819471691701083971e-02,7.866296138804029781e-02,7.332218928247230538e-03,1.471831365065704444e-01,7.623005531718320127e-02,6.805645874760328333e-03,7.006024598399706108e-03,6.856180449148316543e-03,6.323692361428002659e-03,6.116424020660165932e-03,7.291016107072233014e-03,8.090149957063717812e-03,3.584403975791770058e-01,6.738387179787235642e-03,7.500176280505468571e-03,8.528499607275495664e-03,7.301732202273093254e-03
8.506970623102863560e-03,9.346918099936995378e-03,1.114575837004922777e-02,8.789249846075677247e-03,9.587399151088511415e-03,9.431239835447177700e-03,1.055793938100116763e-01,3.025834959422196158e-01,2.063879232181561330e-01,9.929006836847142567e-03,1.088611140153225298e-01,1.101721538361381120e-01,7.052628699323230423e-03,1.029329351950540421e-02,1.033251366488731685e-02,9.900307389848936671e-03,9.298651454989046231e-03,1.050235754258217226e-02,9.385306804534736952e-03,1.201253153450678769e-02,1.005205080075141644e-02,1.084973500467525075e-02
1.529787486502932892e-01,1.440227433732665929e-02,1.434312091773638081e-02,1.465722663005727261e-02,1.560006107477472925e-01,1.644431192122315921e-01,1.319586955188289425e-02,1.214717672779431351e-02,1.252795591128743821e-02,1.368029447440557989e-02,1.259646768138451139e-02,1.160969749885972652e-02,2.807653546765576658e-01,1.855335108794898408e-02,1.263271108715950317e-02,1.396868130444786464e-02,1.464240725308227006e-02,1.220906990359534039e-02,1.525809364495089339e-02,1.496861052344914192e-02,1.412171583916170883e-02,1.029744233864000706e-02
8.810129746968609066e-02,8.211260994358217033e-03,8.560193631544006990e-03,7.066132527569869010e-03,9.625533080124284296e-03,8.312392849808667925e-03,9.068115572149500203e-02,8.540449118386710461e-03,9.032224395726776156e-02,6.953567084238289862e-03,9.103419169728893534e-02,1.730113680032545342e-01,7.392505294162879555e-03,9.331587814460685915e-02,7.581548605427594796e-03,7.738465705111215870e-03,2.521650870875855044e-01,1.036356880561937858e-02,8.623978554597420965e-03,5.950260976089534470e-03,7.689732484233891170e-03,8.759188207543148683e-03
4.803805977282618600e-02,4.831001993783280712e-02,4.447232209629636140e-02,3.816682802600098595e-02,4.677502121186400547e-02,4.698376902770110691e-02,4.463593626459938513e-02,5.258342150977093205e-02,4.765450734334505944e-02,4.865880889300043532e-02,4.849186773151799995e-02,4.154342905071850556e-02,4.382983692023976335e-02,4.701188495282591917e-02,4.193949854793748572e-02,4.039716252004611763e-02,4.318058472687284766e-02,4.198037470264805865e-02,4.985964469303504759e-02,4.301441147591867492e-02,4.694567630630130245e-02,4.552693428870104031e-02
4.499828745247911460e-02,4.167491693372730316e-02,4.500437462746230410e-02,4.960910407641397346e-02,4.179383130169865568e-02,5.440936814634732277e-02,4.304349757827722472e-02,5.064197802774084156e-02,4.425344114179328991e-02,4.978549923887053141e-02,4.560257582644209468e-02,4.254008353392485509e-02,4.343514442344727222e-02,4.502439120050791971e-02,4.691483638915786014e-02,4.189035183211339136e-02,5.103679309908173978e-02,3.993591619223180178e-02,4.801934062513360524e-02,4.041977378454292280e-02,4.649457031851718380e-02,4.347192425008881284e-02
