1.961292185696454290e-02,1.724042374073502665e-02,1.657150239881569759e-02,1.682023490466008978e-02,1.676542048868339893e-02,1.878929771979532398e-02,1.514277951942382197e-02,1.452045195882113553e-02,1.788715366129848758e-02,1.814240406185893204e-02,2.258940274689275399e-02,1.570725489749431533e-02,1.448798283129653156e-02,1.329319340819992007e-02,1.541781738787819864e-02,1.529470644333192145e-02,1.344651032241812871e-02,1.503845272085652107e-02,6.856837945383378319e-01,1.754829439223727292e-02
6.441860803625603336e-03,8.219296904049573985e-03,8.645070359535098614e-01,6.958020065635735218e-03,6.654359400801262286e-03,7.440264450665169498e-03,7.473845009386021268e-03,7.869994410692422726e-03,6.826422378194228063e-03,5.033046028619056998e-03,6.727295663358615757e-03,6.919865507752771122e-03,7.890897785684202609e-03,8.304777849450550864e-03,7.549794009849856470e-03,7.031888476804639201e-03,7.613400588018022497e-03,6.394999964844986194e-03,6.959521231962315438e-03,7.183413517094424175e-03
1.689509029790001518e-02,3.470782164653329893e-01,3.478710040348119148e-01,1.692000062786034459e-02,1.693396036043478409e-02,1.635560493682762517e-02,1.661393177090354778e-02,1.863719711146072031e-02,1.883144579911489452e-02,1.748919425168623393e-02,1.507177501141292522e-02,1.347675829722886146e-02,1.469105111955176096e-02,1.612217845419102943e-02,2.048358375687358082e-02,1.653348890430691651e-02,1.623198646442661208e-02,1.771180653264073368e-02,2.057832743684478993e-02,1.547339836618938889e-02
6.015564823914438565e-03,7.026082412837115522e-03,6.411668616990682211e-03,4.473173022038878961e-03,6.264287494659449146e-03,7.276753293736034148e-03,6.418356751574569134e-03,4.486016363295079572e-03,6.952369434372963723e-03,6.230924320031636272e-03,5.842136891274466066e-03,8.810659516726945251e-01,6.525418582427850583e-03,7.126224106322158990e-03,6.599088442003376090e-03,5.989828263190770385e-03,6.789204800977876111e-03,5.887022953992355166e-03,5.461220636716270990e-03,7.158707116948552669e-03
4.627334989969940360e-02,4.334878038113450238e-02,5.328688855058510976e-02,5.459036732347343629e-02,5.651639416694160395e-02,4.972853093045950801e-02,4.711437072811977544e-02,4.963350700951560390e-02,5.103783199098929635e-02,4.846155774388201387e-02,5.670067872232074924e-02,5.062220509474282815e-02,5.418185702724268721e-02,4.925303453451011781e-02,4.326166604944393923e-02,5.289792602157684931e-02,4.258367075876441643e-02,5.114400103552717292e-02,5.421913099626227139e-02,4.514425103480852047e-02
2.474928407523187268e-02,2.553622335749656039e-02,2.487904941185049498e-02,2.849662408153097112e-02,2.078750624462950142e-02,2.455475952342447976e-02,2.705646425432645455e-02,2.687360864574204686e-02,3.108386949212721059e-02,2.261418453485509669e-02,5.159011321892651436e-01,2.717531838013800827e-02,2.191678626661160145e-02,2.427761331142195070e-02,2.501454834495626597e-02,2.673563452277014432e-02,2.931568332089753287e-02,2.626606219953688676e-02,2.563473140627006708e-02,2.113091643691802912e-02
6.364836069479096539e-03,7.885783403610834366e-03,9.447510690787390072e-03,6.535669257165312510e-03,7.184748278903081535e-03,1.540323642954038175e-01,6.245392261470781442e-03,7.159421027292426354e-01,8.733203197028515177e-03,8.116346032573013708e-03,6.579921810555802025e-03,7.319035736237266242e-03,6.535507023264526018e-03,6.367187761078807462e-03,6.631297217823822754e-03,7.827371973416857170e-03,6.563682524165939322e-03,7.044457332001045208e-03,7.150052657353370145e-03,7.493529748437702080e-03
9.394367263232098267e-03,9.241344391262881763e-03,8.818292157521164659e-03,5.266061666051416977e-03,8.425755043482601250e-03,8.479100242575083116e-03,7.631394822639542969e-03,8.769880090899098007e-03,9.260145426475617850e-03,8.815676077609635453e-03,9.335250828430006684e-03,7.754535449142326529e-03,6.815565702865043068e-03,8.464779013252696216e-03,7.105724859774779044e-03,8.306459219990213957e-03,7.741163367819462945e-03,8.433216451516197809e-01,7.768352921213581182e-03,9.284506304142382815e-03
1.468766968033180867e-02,1.184059183726296656e-02,2.541154615987149534e-01,1.336839491614762176e-02,1.015139373783472895e-02,1.163119595343888903e-02,1.069549585976644832e-02,1.319841434904589321e-02,1.305954691477395797e-02,1.448939230551070032e-02,1.342366416311952838e-02,1.390150594036771228e-02,1.335413437597051702e-02,9.880129832496876638e-03,1.202132833419707579e-02,1.373787345154250765e-02,1.011109825722251304e-02,1.400871418488493746e-02,1.243639620213783138e-02,5.198875981052316630e-01
1.311387905056517374e-02,1.320985968233986084e-02,1.235030979974307934e-02,1.002641451815424432e-02,1.063408468402214820e-02,1.411299044105835017e-02,1.298630560490687813e-02,1.434454980372555297e-02,1.458926977113749260e-02,1.530362285560422052e-02,1.045479164395498109e-02,1.232042279665022423e-02,1.484291996230284634e-02,1.052242702924571609e-02,9.722107465641491308e-03,1.162180311077221258e-02,1.504019082743893176e-02,1.502586568141524651e-02,7.567243935385092879e-01,1.305379173281168495e-02
1.232920274178854643e-02,1.219310487597058748e-02,2.606038118347906996e-01,1.236596003646916846e-02,1.504361638956150382e-02,1.049785139599706575e-02,1.347623707166725228e-02,1.073296816260317296e-02,1.157063220046663371e-02,1.177832119915482763e-02,1.249600923191877995e-02,1.075563034536456374e-02,1.169308097893124489e-02,1.238095869587980090e-02,1.208046333568919307e-02,1.406454392186751341e-02,9.672627741374175206e-03,1.466527495405227886e-02,5.201606706670525160e-01,1.143903421940002142e-02
4.052959231502667806e-03,3.724986393305893938e-03,8.746561875717108470e-02,4.456002024081596666e-03,3.447667609151250021e-03,4.986475061307191203e-01,3.447751924185036843e-01,4.539350866591736894e-03,3.876862287410466536e-03,5.084661114496262166e-03,3.198563043152677799e-03,4.450105422024933435e-03,4.336097778232247436e-03,4.102348237686868036e-03,3.980190042077369136e-03,3.729284925220780443e-03,3.915138997540412551e-03,4.061826633672945865e-03,4.108901560490246102e-03,4.046736526968050356e-03
1.064233073798482622e-02,1.117313071828067265e-02,1.385607908644939830e-02,1.293947812938610505e-02,1.223259304943032609e-02,1.294614926042690975e-02,1.290159619323196817e-02,1.185038910770547758e-02,1.252440596838804744e-02,1.142549208975683628e-02,1.225473985420035862e-02,1.231891429585695724e-02,1.381120595130898646e-02,1.112316079999111154e-02,1.176523546744248638e-02,1.511253512968597362e-02,9.300934704971241390e-03,1.467279259148254397e-02,1.048102633364970254e-02,7.666678105303704749e-01
2.039715827860379832e-02,2.290973620371297009e-02,2.038224027650577252e-02,2.778005340825265290e-02,2.508418409460456272e-02,2.631328219559475254e-02,3.445265842669469752e-02,2.589370149121338061e-02,2.490985134300700843e-02,3.191646825182043595e-02,5.135535058275930709e-01,2.108544550419658506e-02,2.642848838863673736e-02,2.687390642275760966e-02,2.490990943603409516e-02,2.715936597952910495e-02,2.468730011033646102e-02,2.313945799114017904e-02,2.285255796427937067e-02,2.927072840548662278e-02
7.721937921191699208e-03,9.498742589365038666e-03,1.156425515468489408e-02,8.898284853349990725e-03,8.483043424608979061e-03,1.007934876277807867e-02,4.024480011469147578e-01,9.416763454605535377e-03,9.571165257756286335e-03,1.000816637515251732e-02,1.132891252519249541e-02,4.176553353031523530e-01,1.203870483763946723e-02,1.022760507048059431e-02,9.892488200783000965e-03,7.205466626375391440e-03,1.161726275060194144e-02,1.314259020813539867e-02,1.046026828007587915e-02,8.741657257155624819e-03
1.740279303578159270e-02,3.585075403988950415e-01,1.696066343850101063e-02,1.370414436927825351e-02,1.768178577585193673e-02,1.909363707146306474e-02,1.532555597246587284e-02,1.721919798989979614e-02,1.661692303064856921e-02,1.580339727476532882e-02,1.519596765424105489e-02,1.498838989732286832e-02,1.411103415038476513e-02,1.534667561478814807e-02,1.646929631112649395e-02,1.709586352179798610e-02,1.437929662427230720e-02,1.943132615282602491e-02,3.481028884522001654e-01,1.656362326348967406e-02
4.339702434516433394e-02,5.870401975113118120e-02,5.506256906737166251e-02,4.626917858629508995e-02,5.181168648454646808e-02,4.860673975217248005e-02,5.305144358455542858e-02,4.526907770686682680e-02,6.107961774884460709e-02,5.410808540371864206e-02,4.490106841333848381e-02,4.377789349316828921e-02,4.897080262487334829e-02,4.775879750353168030e-02,5.418519396919207337e-02,4.921317963557816227e-02,5.053550364191081168e-02,4.966679821926048288e-02,4.688195226215288725e-02,4.674936780632645006e-02
9.675330804463417103e-03,8.064149030231957394e-01,1.173890580668826393e-02,9.214414064609868435e-03,1.088076919484827834e-02,1.174052597318794335e-02,1.009824537686406822e-02,1.060045636126637041e-02,1.079907491545973111e-02,1.243763975326672884e-02,9.254122807933997524e-03,9.132977310508383351e-03,1.011284181858827791e-02,1.114603188692337918e-02,9.580819279589989149e-03,8.732856500031570615e-03,1.055581561234039505e-02,1.013616692867124087e-02,9.122782695591269767e-03,8.625319885969873202e-03
1.862492820254638484e-02,1.769543491478180186e-02,1.490582462805261320e-02,1.546353345785257336e-02,1.594656718440401119e-02,1.472042118088759226e-02,1.409641628200672230e-02,1.487185429226028227e-02,1.767389934204526350e-02,1.624786227964620730e-02,6.899705563925950802e-01,1.834339022445800535e-02,1.568511104142446613e-02,1.397451111328217380e-02,1.674770459605910700e-02,1.789157038049361131e-02,1.684897974464755546e-02,2.145834021127121169e-02,1.655745466713916259e-02,1.227563986414604083e-02
1.028438831879046819e-02,7.188776163535627768e-03,6.134452414401323460e-03,8.077745341529626519e-03,6.875213314542091836e-03,1.117929094063975330e-02,8.390129515047611841e-01,9.683980743889403220e-03,9.329542240620509325e-03,7.525492773248777453e-03,9.342243887841480965e-03,8.053152901526576535e-03,9.008968291619524546e-03,9.019798247767871202e-03,6.944988692884080869e-03,8.121002994743442560e-03,8.485651186519633377e-03,9.277533497580330371e-03,8.608577088681559561e-03,7.846249454876752169e-03
