1.135995963020969418e-01,1.238907899280965001e-02,1.187586806223646547e-02,1.051856310081149617e-02,1.045138086165121535e-02,9.889287060181713856e-03,1.210755345044237929e-01,1.233560199411700281e-01,1.167837135974351404e-01,1.275937397227936386e-02,9.874029924663430338e-03,1.208591472531156397e-01,9.834106718712680092e-03,1.255053041601052466e-01,1.118939435474679278e-02,9.826993262740663440e-03,8.661458297870881090e-03,1.386429832482343437e-02,1.005028517475068522e-02,1.099681194361107513e-02,1.040129717405050523e-02,1.162384570157133645e-01
1.699688887662372250e-01,1.560505171766327429e-02,1.791456005087197975e-02,1.631917038897151215e-02,1.629078403106612796e-02,1.516255457691159311e-02,1.670507509591987252e-02,3.322781746281789350e-01,1.702174505155271828e-02,1.838143359146431344e-01,1.660338257098299339e-02,1.524450892235828040e-02,1.671741388579357432e-02,1.592339595559308721e-02,1.660313648770296927e-02,1.622431214882124467e-02,1.671402265756690569e-02,1.724844441555265645e-02,1.533311640365289490e-02,1.774456253017401425e-02,1.818660010430782695e-02,1.637676369547703958e-02
1.145038243354032891e-02,9.456590525067490316e-03,1.084966543519328697e-01,9.495194837001712934e-03,1.995083041559369275e-01,2.114885893218410307e-01,8.493884221398259257e-03,8.339232948729647169e-03,1.196996733882541020e-02,9.072621212948123876e-03,8.425146281338301291e-03,1.024593313821017468e-02,1.119056292989920216e-02,8.096878083103026258e-03,1.038178327010901188e-02,7.925279570710253713e-03,2.102840927690363959e-01,1.075403199349111438e-01,9.353079222161740647e-03,1.001430315324720877e-02,1.000481366046253838e-02,8.766386639589417162e-03
9.171639757236026147e-03,9.686145629563729445e-03,9.953103520639548785e-02,9.976248550650402072e-03,7.125795184152011220e-03,9.530359989526563519e-03,9.533746666041187368e-02,9.611605660803313606e-03,1.913509379393306675e-01,9.602377436030741509e-02,9.277444060598685066e-03,8.280152120493081483e-03,1.106551109170015451e-02,9.135790510754217969e-03,8.358321666213319040e-03,8.588907167271812512e-03,1.035019239891041797e-02,3.623278829142014823e-01,9.116209614529297359e-03,8.433658833352277936e-03,8.336959056814063559e-03,9.383961626783232646e-03
9.246930515623083546e-02,7.218953531221605074e-03,9.187798306030140957e-03,8.750436342315473168e-03,7.890443521813604935e-03,8.294581684680569708e-03,7.499515214911598934e-03,8.949399973016124513e-03,6.837556771079913304e-03,7.463790704833768268e-03,8.883217954120337101e-02,2.529782898105238376e-01,8.543162529644796749e-03,8.476923750629345930e-03,3.371936499075833260e-01,9.082671998712039951e-02,8.051434980349625806e-03,7.772869551577475493e-03,8.562507207499122502e-03,8.817983409459698510e-03,7.835287595006767622e-03,7.547210523268384728e-03
4.639010815440963720e-02,4.620108232649629970e-02,3.849877077276531862e-02,4.711589216806783692e-02,4.154931288582046356e-02,3.974842473588711955e-02,4.579433925208316325e-02,4.553789118809654923e-02,4.270410600293186865e-02,4.952106618337639293e-02,4.675046802967049858e-02,4.659339041407901255e-02,4.226405777243320838e-02,4.256442582095820021e-02,4.390931312120704283e-02,5.130083769085156536e-02,5.004170244873710344e-02,4.502366102285412786e-02,4.920379440090094647e-02,4.413821802178864023e-02,5.116571422914351769e-02,4.398342335744123005e-02
9.127604658770432922e-02,7.460806134232161359e-03,7.877367932128235412e-03,9.166335142116026347e-02,1.770538599355510889e-01,1.705693158172887913e-01,8.847822324993133078e-03,8.214727234519450527e-03,7.533834500356758300e-03,8.867971205232758405e-03,9.086595819102890811e-03,7.195380172175433985e-03,7.590357204042086879e-03,8.078212832536207921e-03,7.244934115014965183e-03,7.546208004552346776e-03,8.908069858311808142e-03,1.027522479403118055e-02,8.895434560749033992e-02,8.505259725541879437e-03,2.495422285545791929e-01,7.708080219455110300e-03
8.252142759467871735e-02,3.878623925495639502e-01,7.959523295154792566e-02,8.262069723055619208e-02,8.520246838695737235e-02,8.333943647400120225e-02,8.449643358714625449e-03,7.845084998834335119e-03,7.018320271450829463e-03,7.881315911139878672e-03,9.262478657735804394e-03,8.369020063145850286e-02,7.140209125809465936e-03,7.210485838413376036e-03,7.482220623190566355e-03,8.649448491479106230e-03,6.529742175503900313e-03,8.278950136825006384e-03,7.816526964063515506e-03,7.622517934231519930e-03,6.568958243881789505e-03,7.412241449962002522e-03
8.563902589101942547e-03,8.722660200241106818e-03,8.673576029980699376e-02,8.000837113026760053e-03,9.996343622661855652e-03,8.271868658700909718e-03,1.701435933511050436e-01,9.634859760606908144e-03,2.544131355072777323e-01,8.689344402630869504e-03,7.423136593871156562e-03,8.969564233864447955e-03,9.146689764752420626e-03,8.996529167336566116e-03,2.540200944893424295e-01,8.319842778865584043e-03,8.756216611439153474e-02,9.345478488763058617e-03,8.501232018222887668e-03,8.263895577449937094e-03,8.945964228827785539e-03,7.333101039151756345e-03
4.112500491948386377e-02,5.054363844954394558e-02,4.321431226214697552e-02,4.787757158675153002e-02,5.673050830080252765e-02,3.934203350583488634e-02,4.901309462025527086e-02,4.004839920224548960e-02,4.378662528921049846e-02,4.977631858586222674e-02,4.536565118705190858e-02,4.593001194808696980e-02,4.790023218680226902e-02,4.658677747418718540e-02,4.922092286363703023e-02,3.936315505908206946e-02,4.400666123043166927e-02,4.326807502561087759e-02,4.694370707216359573e-02,4.414857942850342054e-02,4.173111902880114604e-02,4.407760077350438704e-02
5.453534475406838361e-03,7.538191132275783718e-03,6.277849898845874743e-02,6.570904495252286905e-03,5.594714361606293283e-03,5.132215245722528997e-03,6.233504810346120022e-03,6.240539585208532136e-02,6.226110813439687114e-02,6.823851808346267922e-02,6.362719956139045729e-02,2.370722663755384096e-01,5.189520130857335801e-03,6.258126139065019189e-02,5.226199356109863768e-03,6.601177058696819366e-02,6.465570633055903182e-03,6.121778062676355887e-03,4.755381917846634998e-03,5.704882661480520194e-03,5.811952679909301173e-03,2.392256310645034523e-01
2.421998345362685184e-02,2.084618472415857016e-02,2.629575418456489219e-02,2.664257679794759803e-02,2.472384776197224243e-02,2.345917935461835566e-02,2.525886585092853090e-02,2.626292490459630757e-01,2.550541488951672542e-01,2.560310869916376103e-02,2.343712918137116560e-02,2.150070042366139175e-02,2.465074390496720461e-02,2.229191211327639921e-02,2.366163465174785444e-02,2.514142386232234155e-02,2.248214191321803654e-02,2.406388928573501007e-02,2.686477907722944689e-02,2.707365275239809535e-02,2.086554536000167701e-02,2.323354870595983543e-02
3.582236016345734155e-03,3.866387312813717413e-03,3.846008633226126201e-03,8.598493584906580223e-02,8.498505834545705406e-02,8.696927243816869602e-02,4.097945045810239689e-03,3.963198413578374046e-03,3.694681446065842256e-03,4.623377915638998692e-02,8.434371957320162261e-02,1.710904359561254973e-01,4.195936570621804952e-03,3.798542525138023374e-01,3.615108160712581387e-03,4.355544105162745955e-03,4.053291734983477390e-03,4.092120006746306077e-03,4.025038751479145284e-03,4.446279938634617977e-03,4.455719716516916458e-03,4.249050315090988766e-03
1.135900678650903980e-02,1.159091740436187477e-02,1.132218732531591228e-02,1.165475908264610450e-01,1.103286066051557476e-02,1.191697897966245007e-02,1.106157328238676317e-02,1.069417599231747666e-02,1.051885350208483540e-02,9.588046481378939556e-03,1.237046171167340419e-01,2.335776748024950000e-01,1.145956359297605441e-02,9.844953793603502396e-03,1.148506743953749271e-01,1.073905178130440605e-02,2.254642441508463990e-01,1.066605416750501453e-02,1.230173691722871200e-02,1.182209503465351738e-02,1.011423301874433793e-02,9.822909987540411753e-03
1.267566463704272728e-02,1.204532277667262445e-02,1.223065438771428620e-01,1.163901847923057703e-01,1.160397523296033129e-01,1.168632301610994240e-01,1.176704678208622540e-02,3.347620332755901762e-01,9.912236298407147567e-03,9.938340599010822216e-03,9.632104481188077938e-03,1.235656457669599174e-02,1.130077539354931541e-02,1.159768490701246386e-02,1.156473619523739130e-02,1.108178514128620867e-02,1.287625722370364621e-02,1.356435727887060627e-02,1.039693904145058342e-02,1.234216508549045715e-02,1.020657872948133385e-02,1.037969641707294985e-02
5.882710018881645575e-03,4.306570312093678174e-03,4.893671163872198408e-03,3.839237529483162728e-03,5.278625685345917501e-02,5.171366262834308641e-02,5.359194680105720809e-02,5.370519459544559338e-03,4.971985442218921497e-02,5.265491275581561659e-02,1.007823018489441141e-01,1.930347503303427303e-01,4.268481765857390711e-03,5.587352774263684707e-03,5.676471600400908452e-03,5.015839183683758196e-02,4.599992272908642529e-03,5.727846148768455867e-03,1.443035577299362771e-01,1.915548386830438210e-01,4.844569632850815114e-03,4.702103431106370232e-03
8.332923393815737378e-02,7.423607195433910844e-03,6.798698896942403751e-03,8.461271502275262424e-02,7.954398973955131846e-02,8.301263857240290256e-02,6.692740912919567173e-03,7.343445740224390991e-03,6.798407442922191346e-03,7.940175567443144566e-02,6.819730955663426408e-03,8.936067615869895675e-02,3.906781800226077350e-01,6.648676017230177419e-03,7.265211170112025746e-03,8.218372929849107264e-03,7.080912362590442016e-03,7.878127306023221046e-03,6.868524809473620062e-03,6.822664375366958855e-03,8.053581975797549294e-03,9.348108780848235835e-03
2.546193945808087472e-02,2.351954778704717919e-02,2.326945014316881069e-02,2.440887798363369429e-02,2.519245559790921074e-02,2.175438704937814743e-02,2.594867646256284952e-02,2.600278771688515830e-02,2.632017773794829152e-01,2.020788700709397548e-02,2.306470779772719013e-02,2.273248550397678758e-02,2.444237270388535666e-02,2.301282287807613139e-02,1.855331331385385446e-02,2.543371903076635868e-02,2.553596830296496825e-02,2.345154339088474996e-02,2.439244415558318793e-02,2.397959426703974786e-02,2.666491490680367726e-01,1.978409300196236342e-02
2.195972293117414570e-02,2.013469712396464412e-02,1.815860247145420145e-02,1.806425948796608338e-02,1.664567793579410995e-02,1.745640840814164860e-02,1.764283730350440366e-02,2.174643116555359246e-01,2.035602653010958399e-02,1.588873059570443391e-02,2.082257795839781989e-01,2.084431294160358494e-01,2.168845318676646330e-02,1.919433306487615051e-02,2.094566994278817401e-02,1.690566817132618457e-02,2.076294751737543104e-02,1.920017451244648843e-02,1.955013678456543266e-02,1.838499564519186294e-02,1.972492995151097980e-02,2.320250777979003878e-02
7.778278551099658544e-02,6.183651445199641987e-03,1.528425870157127942e-01,8.445466814769627198e-03,6.250774961930155062e-03,6.434721120004505482e-03,7.637700271677304309e-02,7.675898577696671325e-03,2.162263546261115055e-01,7.463709782064062610e-03,7.563760089938636501e-03,6.106778698116328841e-03,6.410808847923588592e-03,3.634041430468551437e-01,5.993774118820716611e-03,7.508389410792584706e-03,5.635272870124024246e-03,6.616991454276077711e-03,6.572572744043632745e-03,6.026865270760655389e-03,6.126627752907134149e-03,6.351063124183386338e-03
