4.979492139831641073e-01,1.073232555679632869e-02,7.516123192710332489e-03,3.555110537809108018e-01,6.892953726962445377e-03,7.539319661425184643e-03,9.971484884498268975e-03,7.438349548015825777e-03,6.607562470858851893e-03,7.825711091639693182e-03,8.637360833954547956e-03,9.751427306969935593e-03,6.600303406245820910e-03,7.046727324827837396e-03,7.851524464426450772e-03,9.413523219163041911e-03,7.927088401718740407e-03,9.713981782662960487e-03,7.612724928753905780e-03,7.461240434295027084e-03
1.721166045593248636e-02,6.840211334044972169e-01,1.587251553950396604e-02,1.742864508324162148e-02,1.630188524381226411e-02,1.893065214341473068e-02,1.654999630403103036e-02,1.670990428439120962e-02,1.336972833538671059e-02,2.009498223034748843e-02,1.494592642112375393e-02,1.679512209818530971e-02,1.947866000099435918e-02,1.762321728386183686e-02,1.560794663968164027e-02,1.671018397888343610e-02,1.450697356914447574e-02,1.633231846272777121e-02,1.469434489655376333e-02,1.681420362428486318e-02
1.712175285164185823e-02,1.747423353394598686e-02,1.960877354009647050e-02,1.497635172236497572e-02,1.964177254325213604e-02,2.029123295863602405e-02,1.532819814177798466e-02,1.896863446667524170e-02,1.583303504563821421e-02,1.875797571167052771e-02,1.684275909120416456e-02,1.439580141179115820e-02,1.359856597511108385e-02,1.437333193312251116e-02,1.825015192863069236e-02,2.198994925160529038e-02,1.502700870770047603e-02,1.546488818012087089e-02,1.567077613011526316e-02,6.763848068748997688e-01
8.890876780105074970e-03,8.221966276499365761e-03,7.991725286221159491e-03,9.847348221179762565e-03,9.093159632658432551e-03,9.366277096473011113e-03,7.321352040018595797e-03,1.005474234964545167e-02,6.809309292026754709e-03,6.625489455703686623e-03,7.165552446674891031e-03,7.404664687258235602e-03,7.009224202037064692e-03,6.823696194118905600e-03,7.854832877641619929e-03,8.477186077620926241e-01,7.477539658944062570e-03,7.880849864978427960e-03,8.820424943154303241e-03,7.622360932567614177e-03
4.974125927743477948e-02,5.203970214629903557e-02,4.690833700303394943e-02,5.874669257865594574e-02,4.846050904760441230e-02,4.811644427903070953e-02,4.339549415652084463e-02,4.991076250353564808e-02,4.769362972561428521e-02,4.402084242687084870e-02,6.133920802366110703e-02,4.884414618198577168e-02,4.495463412559704691e-02,5.171956415898897735e-02,4.549538100502329568e-02,5.002198090279798975e-02,5.295368643492524147e-02,5.641632373125704536e-02,5.000671663645614440e-02,4.921468565470686618e-02
5.942154479870393260e-03,7.925548819895851874e-03,6.678056285058982418e-03,6.826111121138539461e-03,6.386565617097800240e-03,4.756891735252744176e-03,8.087701087979872611e-03,6.119485206051072934e-03,5.882687024132672582e-03,8.755708582083442382e-01,5.890087776338207709e-03,7.273609181113122220e-03,6.187092033902326198e-03,6.650256506138390970e-03,5.355582753438510590e-03,7.192091396548756788e-03,6.891716104317711575e-03,6.851342795962670623e-03,6.241597783911753856e-03,7.290564083505023454e-03
6.312030854678070124e-01,2.531845329873726458e-01,6.130340051161672736e-03,7.828956412841836868e-03,7.157920917134328459e-03,6.160071013245721830e-03,7.028399642638090590e-03,6.980647707171280282e-03,6.123640298010468372e-03,6.092655783919186281e-03,6.259024135890745022e-03,5.194207151755404414e-03,6.550987141736300083e-03,5.520766843589128975e-03,6.579760237663386836e-03,6.420135612307216640e-03,5.486238521656042200e-03,7.607814941265035602e-03,6.387685291057304711e-03,6.103129841776317593e-03
5.078534868257576947e-03,6.252752247933947988e-03,8.812376303606368477e-01,5.464190170301831510e-03,6.994615796563975404e-03,7.632071613262471008e-03,7.123301504574062505e-03,6.247859187940519622e-03,6.878068865143263655e-03,5.163128396165010854e-03,4.634376561742693107e-03,7.614443961052261463e-03,6.915524122438874294e-03,5.612511011605050837e-03,6.355852739236233367e-03,6.519888983198676713e-03,7.731679555648287780e-03,6.047992692975945155e-03,5.578888775083696606e-03,4.916688586238431719e-03
2.430559146433885695e-02,2.212530312771779709e-02,5.377543230860138967e-01,2.529121271190569106e-02,2.523272173683606401e-02,2.640688805900369418e-02,3.164930152693573584e-02,2.046323739276526346e-02,2.430248000613105183e-02,2.427939043048689405e-02,2.141936897470509207e-02,2.372329161225558009e-02,3.020215220595392006e-02,2.306887031302464267e-02,2.046647555370663743e-02,2.749481516225396605e-02,2.599925881837191269e-02,2.082206940927472383e-02,2.381641417417648329e-02,2.117683423414213825e-02
2.570357396853968635e-02,2.278147219328085712e-02,2.269608515043090163e-02,2.300300200521732813e-02,2.709809039038236708e-02,2.861643065872444130e-02,2.595686729547950003e-02,2.577225757724969923e-02,2.321584349617079185e-02,2.655270980751048282e-02,2.622653082740369207e-02,2.960611972573677642e-02,2.756298356632150628e-02,5.044299402124552412e-01,2.443320352820445296e-02,2.917894412186200145e-02,3.118773727808027765e-02,2.383306216086968077e-02,2.908479283627709785e-02,2.306035319980298190e-02
4.934281498927341886e-02,5.530327533334115225e-02,4.007510794339107230e-02,6.258830263950450334e-02,5.420158232683973398e-02,4.348295264925856191e-02,4.488723585860544124e-02,5.121294920896928698e-02,5.114900416981984360e-02,5.313643779220750263e-02,5.541215417831103079e-02,4.776292708343442273e-02,5.362092693916414854e-02,5.455264457628164476e-02,4.844689754761135475e-02,4.218032611986245045e-02,5.429135477872181620e-02,4.189440688760828757e-02,5.130627285571760787e-02,4.515242612207626821e-02
4.445507905832090517e-02,4.764866178433344729e-02,5.037796604554650726e-02,5.471521378733546631e-02,4.798495293847808429e-02,5.235335174688783566e-02,4.995343122539427916e-02,4.689742989928036287e-02,5.379019685842779258e-02,5.479587687134242213e-02,5.414346102846809283e-02,5.325803200357154266e-02,4.950314192744866004e-02,5.348051477935767545e-02,5.104554589908125856e-02,5.085136545947369080e-02,4.336603329336276985e-02,4.003619895621660096e-02,4.996822613340728969e-02,5.137532030426511520e-02
3.690892848047053892e-03,2.907123576280441941e-03,3.158759453720020455e-03,2.964475030250824684e-03,2.732670731230775994e-03,3.650932548249075007e-03,9.398618645177336806e-01,3.499384609951469455e-03,2.972260439390760327e-03,3.386438136990510377e-03,2.889251442224896257e-03,3.329119157265569232e-03,3.621348959823732575e-03,3.147596986335117648e-03,3.446191667923491180e-03,3.343375533700552495e-03,3.064817691272488966e-03,2.708287295750147657e-03,2.750215771162299681e-03,2.874993602696214283e-03
1.473080841792078800e-02,1.756944339281561740e-02,1.313586775317639697e-02,6.917101118497501755e-01,1.424825850199320718e-02,1.777450135763336894e-02,1.697483932809361329e-02,1.786907205644764143e-02,1.158522363263994603e-02,1.989523648812751080e-02,1.567053647830396121e-02,1.375397631158887905e-02,1.915353384821762497e-02,1.691591383624952566e-02,1.588499859107799297e-02,1.894216423106277053e-02,1.873234998572571516e-02,1.710901157521296442e-02,1.648365242781148557e-02,1.186049993615124337e-02
2.063336737213207761e-01,2.081105199731866917e-01,8.794367688622668419e-03,4.207827613743173045e-01,9.142584785042382270e-03,9.368733437198894023e-03,1.018320984421818357e-02,8.690895591236823953e-03,7.853098999650479778e-03,8.713723513213101832e-03,9.384752863487491256e-03,1.190263949851297527e-02,1.161954602784490836e-02,1.096315774923914931e-02,1.078717055139390667e-02,1.056691184341776446e-02,9.950959151101104391e-03,9.596028571199875096e-03,1.003691084046785115e-02,7.218353975327305300e-03
2.585077394673292520e-02,2.637368850468839107e-02,5.257569432652487995e-01,2.293879124478653830e-02,2.511218490842046305e-02,1.987623775630492293e-02,2.764226190865662694e-02,2.444925121880112476e-02,3.238643312292498189e-02,2.820344468488642301e-02,1.777213734599469505e-02,1.911342522710599359e-02,2.729385128805649624e-02,2.288891731257543249e-02,2.709836364313137139e-02,2.571489436129542616e-02,2.504022153460657915e-02,2.302036649092053383e-02,2.854619054664788227e-02,2.492162168821470195e-02
1.339869406522437717e-02,1.059229148757678991e-02,1.179580075384895413e-02,1.321087749401761088e-02,1.672155173276667836e-02,1.422032942560678796e-02,1.203666752248166820e-02,1.076398624876990888e-02,1.484721922457261749e-02,1.238395899922014980e-02,1.305863766903042969e-02,9.970175605972143515e-03,1.045997614292591867e-02,7.593061028809412472e-01,1.089627395505718063e-02,1.478701825292447376e-02,1.304578034624806308e-02,1.221111297393000401e-02,1.432873466849566776e-02,1.196481055038818749e-02
1.387416110762793378e-02,1.703193358179750164e-02,1.483110258004133493e-02,1.718160274327454676e-02,1.675485866016986763e-02,2.100367237121729749e-02,1.377241963669377511e-02,1.804432935343011982e-02,1.609416538979502667e-02,1.453848578217986284e-02,1.632730142564487591e-02,2.009523883438509712e-02,1.870031416740892266e-02,1.446549969877262629e-02,1.531122142575174275e-02,1.534134753418924663e-02,1.571467574069619969e-02,1.768329027424222002e-02,1.852881655422482579e-02,6.847055631384563190e-01
1.155257348253650208e-02,7.584713559325231280e-01,1.135018814390504997e-02,1.395922214775045279e-02,1.363099769007985324e-02,1.447579586902459324e-02,1.050530714942911163e-02,1.309446663173830135e-02,9.833740356280736353e-03,1.179241469548553654e-02,1.165684203202655561e-02,1.402732588627132911e-02,1.732306154419938071e-02,1.287063701390728059e-02,1.395709003888550778e-02,1.317359649872226930e-02,1.076974321428162892e-02,1.304802456019005935e-02,1.317498455505853802e-02,1.133263255770525745e-02
8.374061954903634364e-01,7.735855378902693757e-03,9.499362470284270638e-03,8.372387997075118882e-03,7.670569918766867619e-03,8.457280358103167958e-03,7.920049703881654538e-03,7.589834459123893581e-03,9.871765947574207695e-03,8.497152936142329457e-03,8.479575749480071367e-03,9.001482104210964397e-03,8.762057207972734699e-03,1.045818655724572305e-02,9.116657527281007284e-03,8.222230915811624963e-03,6.825368320786297759e-03,1.025186493153998693e-02,7.726862896260303960e-03,8.135259129193736158e-03
