4.242225436960284091e-02,4.750470049416849472e-02,4.745114229915145532e-02,4.099546506895004189e-02,4.220231535129800177e-02,4.540101487902681310e-02,4.273680350265379735e-02,4.471672597014932082e-02,4.630002479695320694e-02,5.111297422727820172e-02,4.115793263259971690e-02,4.235068213198058679e-02,4.814242826557797034e-02,4.601144510796857656e-02,4.393436216149002038e-02,4.818922259180823814e-02,4.405086216743148153e-02,4.963336200844924856e-02,4.987393821290927315e-02,4.699346147036012611e-02,4.520340814142886909e-02,4.361547414876343343e-02
1.476069856149314352e-01,1.484108934170750259e-02,1.469542233862465401e-02,1.432714832097458334e-02,1.481162970809443424e-01,1.608679012804088149e-01,1.322539499927289849e-02,1.321477194490891169e-02,1.392589199327535186e-02,1.312293921266971010e-02,1.384546280480915097e-02,1.321115915494187019e-02,2.947283236164080500e-01,1.453315997379854389e-02,1.407023130291595175e-02,1.437878279050884035e-02,1.220207503589512167e-02,1.410165971445147444e-02,1.347553906845300360e-02,1.429691854251538552e-02,1.445163858167364604e-02,1.276120728591105015e-02
1.201861719142736581e-02,1.245270113563984489e-02,1.175539833295847353e-02,1.135711981766094648e-02,2.588127335557269815e-01,2.531245351267309984e-01,1.175703778893538026e-02,1.255833520429271155e-02,1.344398827487203879e-02,1.334785262411466479e-02,1.130264215160993457e-02,1.102584703794351993e-02,1.166637729654701819e-02,1.154667455938160336e-02,1.078314599744582651e-02,1.222443549820224733e-02,1.189653777914315841e-02,1.066895093412689559e-02,1.339738034783070630e-01,1.374209901241204013e-01,1.364834935794589227e-02,1.321392673286700230e-02
1.164125457203832453e-01,1.139945990583890109e-02,1.000398276185798102e-02,1.172048875400450926e-02,1.029209794932709615e-02,9.653915610213998147e-03,1.102060499465135415e-02,1.194424409460533854e-01,1.214815588379853789e-01,1.269408028255251952e-02,1.218731300047733446e-01,1.181206891334401904e-01,1.277112891219105324e-02,1.130750560766631031e-02,2.278548906751944603e-01,9.201087279447777573e-03,1.138558517195297978e-02,1.047554809647269214e-02,1.030961993392697125e-02,1.081829848799366854e-02,1.005322283443442835e-02,1.170811809963739902e-02
2.653995462520454887e-02,2.068283787453768178e-03,5.068651481915120716e-02,5.048979186914234751e-02,5.032049822171329873e-02,5.167470910886687308e-02,2.637496880343311034e-02,2.507159047122361692e-03,7.368359003285547548e-02,2.591820448320008088e-02,5.115395967851611020e-02,1.506424385088462881e-01,2.588083057012103942e-03,3.427419553830470811e-01,5.218302393795818533e-02,2.562697963063646084e-02,2.710192061845141578e-03,2.482539979845576825e-03,2.319641081160690472e-03,2.382774531706715812e-03,2.461743861558460603e-03,2.442993489723615467e-03
8.815292759674455900e-03,8.889538307784487781e-03,9.480250200006487549e-02,8.982176722658535839e-02,1.671016848655972054e-01,1.735339997928369571e-01,8.098818461192678481e-03,7.833038652237920424e-03,7.204301124637030491e-03,9.026495382015407853e-03,8.380495942238028878e-03,9.068311903669912244e-03,8.471081432307965564e-03,9.050825530443137520e-03,8.940334317614849480e-02,8.050925224038007338e-03,1.704683274778867330e-01,9.312993135040581461e-02,7.356111853808425249e-03,7.352202248435142640e-03,6.572658402862853640e-03,7.568346885128757716e-03
6.993571315845743298e-03,8.160955764972459628e-03,8.321736456129760762e-02,5.687617297541253635e-03,8.778831835498313724e-03,8.117866596687936531e-03,7.018408229885118171e-03,7.244214882815611968e-03,8.804843280741503353e-02,8.304171506909846512e-02,8.266198431883968467e-02,1.603456700679469216e-01,7.344803207149952148e-03,7.765637013065531009e-03,8.702588278788881554e-03,8.519539428912846490e-02,6.930606650303356049e-03,7.636560958786593224e-03,6.701167208287396072e-03,6.710876720016987172e-03,8.376895502400562646e-03,3.053188374242278846e-01
1.487218716776484151e-01,7.027166478093670177e-03,8.508673346706237955e-03,6.737195390135126971e-03,1.487741103207073923e-01,1.488390179450760353e-01,6.975561504982724821e-03,1.466626507041633720e-01,7.955542018255798431e-02,6.918530911250402385e-03,6.761817625138881460e-03,7.215207632060675023e-03,7.300773694520956356e-03,6.971036042622325707e-03,5.477763965185265121e-03,6.325030280500218254e-03,6.380402169933699352e-03,7.133325237590676555e-03,7.221645520681120242e-03,7.633353413178089672e-03,2.159542588933584806e-01,6.905187063908317137e-03
6.411432649995598039e-03,6.667206278268357315e-03,1.445191241699950446e-01,7.613586951784202979e-03,8.486719317109441343e-03,7.873568698416242434e-03,1.476615175581842132e-01,1.460826897157776749e-01,2.212004303297597507e-01,6.240929831066360789e-03,7.327005924531285012e-03,6.923769167595730453e-03,6.105233884707940428e-03,7.231628009514264738e-03,2.170823028743338323e-01,8.549542419051994746e-03,7.192575718284142765e-03,6.566900906874554265e-03,6.383088444759687716e-03,8.361298603616926922e-03,8.593135729749141333e-03,6.926312816623732618e-03
1.220147369492774990e-02,1.220741753371479797e-02,1.611692134559730011e-02,1.375858396360689177e-02,1.389635621785074125e-02,1.471012658229804877e-02,1.503541026314967818e-02,2.884452362970151285e-01,1.610786196201329651e-02,1.461203119137533257e-01,1.588288949622914392e-01,1.537838583520209357e-01,1.358722743190932981e-02,1.440542423088393871e-02,1.328340685288049820e-02,1.481544216133425657e-02,1.586578792615457589e-02,1.199519013897141009e-02,1.261558798194789555e-02,1.301845765622835528e-02,1.392823833778258739e-02,1.527278419366784497e-02
4.367271351568912524e-02,4.020920553383132423e-02,4.135738392247251261e-02,4.952323950901937194e-02,4.611074593664618582e-02,4.894243539256048353e-02,4.906399071934663264e-02,4.858157440165964541e-02,4.729025580409275398e-02,4.668710495737009997e-02,4.726435495196197600e-02,4.512555829659920664e-02,4.279739560401536747e-02,4.385058863348686997e-02,4.285602836021807499e-02,4.211000199670938970e-02,3.950868502871222182e-02,4.473140419052987204e-02,4.534864888202518735e-02,5.272818632315469378e-02,4.438842856469879528e-02,4.785206947520018184e-02
8.771458104875358430e-02,8.587225571155009118e-03,8.297181545709223296e-03,8.773892934652782402e-03,8.698716937298334867e-03,7.737869588492333507e-03,9.379009468726648424e-02,7.090389822310628337e-03,8.635001916401302546e-02,8.965246882718854241e-03,9.199079159818836227e-02,1.728467340018992882e-01,8.101857375574525108e-03,8.929524696348260793e-02,8.455952233279884211e-03,8.033827812695020984e-03,2.553842562350057688e-01,9.703841690918845950e-03,6.607739278225074550e-03,8.734302165926547887e-03,7.227403274263285993e-03,7.612829188170346269e-03
5.179407542114698726e-02,4.611654587350418055e-02,4.125167414460678694e-02,4.391248746265615649e-02,4.391979561570603929e-02,4.892332863153252276e-02,3.898876261590956266e-02,5.022509831950638243e-02,4.223086478705871671e-02,4.246692016380352458e-02,4.307255738775990495e-02,4.773456709409145543e-02,4.122637914262507891e-02,4.255436957926237579e-02,5.047276121302218810e-02,4.836761574802363878e-02,5.137969525535000109e-02,4.024210530800927804e-02,4.726956566840662816e-02,4.146638440146677151e-02,4.911378139584653135e-02,4.727066477070498984e-02
9.415489258163059483e-03,9.211819928035054617e-03,8.712678231367237611e-03,1.075935934943861305e-01,9.212497100281335366e-03,1.127324045791612724e-02,9.121482913169406612e-03,9.183134514562641543e-03,1.005694956079954995e-02,1.086998936019689249e-01,7.905229473250483668e-03,2.113055532543625104e-01,3.066106423497504396e-01,1.017643793154018698e-02,8.325864971001281645e-03,1.053566435553605386e-02,1.176636149698778201e-02,9.889402478997111334e-03,8.931685005976151837e-03,9.796364971844256225e-03,1.009766358728035086e-02,1.021783510628234970e-01
6.230683325011413497e-03,5.767952501555451486e-03,5.249845502195813092e-03,5.277513983652729751e-03,5.504679637370049269e-03,6.085191216175346064e-03,5.955729416988565783e-02,5.616654950305815380e-03,6.095552819216393942e-02,6.014743377683973852e-02,1.146490286330576897e-01,2.268464071617350419e-01,5.753612752940097386e-03,4.633688375051277751e-03,5.413003297485638118e-03,6.061840000595431627e-02,5.123069902721958876e-03,5.830329551479343508e-03,1.675059670056540939e-01,1.726635198065906429e-01,5.678808209976299835e-03,4.891388042197218795e-03
8.281960515615224838e-02,3.855437391976828665e-01,8.309777187640762786e-02,8.438255831587448963e-02,8.370990638373329573e-02,8.239321718726470845e-02,7.811677722689896151e-03,6.718802346927388140e-03,7.174019624061847566e-03,5.511527107820313014e-03,8.389717154963954523e-03,8.349275883288830025e-02,7.018604009302952841e-03,8.163927825973291141e-03,8.073563306267942177e-03,7.751559441042561727e-03,8.324091367192575433e-03,7.811234170729239139e-03,7.855463765926074329e-03,8.041548697737155305e-03,7.353790277971725305e-03,8.560916231389886430e-03
7.585471035514121906e-03,8.249466947249997628e-03,1.023779433315991916e-01,8.284535329167815390e-03,7.199650430620190694e-03,8.872697375279903209e-03,9.788528556634307209e-02,9.521757919666421627e-03,1.797621471199872811e-01,1.045170387064003753e-01,8.310581782183860261e-03,8.835378541194446531e-03,1.028770585893382279e-02,9.578203691374248194e-03,9.203563385584539666e-03,9.986451269570517306e-03,1.007407748899313144e-02,3.604726396098464902e-01,9.513408973958829493e-03,9.716984049877400512e-03,1.047579551388819197e-02,9.289216072766687954e-03
9.638303746714999704e-03,9.700862475390488460e-03,8.769980460929435381e-03,2.055979487097776837e-01,9.178702212376028610e-03,1.053317767343238398e-02,9.923087659518265227e-03,2.050990898991588429e-01,8.777761650353878634e-03,1.040420084804503410e-02,9.639179509248214234e-03,2.055814929133797653e-01,1.082587104800681113e-02,1.050145923093613459e-01,6.784175758652893039e-03,1.018191316331171041e-02,1.096387043410970361e-02,1.012599731292709512e-02,9.576656896960489621e-03,1.013626872791148492e-02,1.119812491090401846e-01,1.156561748139356416e-02
4.027798473901808562e-02,4.810970611927561924e-02,4.215704462269279085e-02,5.171777118299569764e-02,4.977487265846342740e-02,4.376153855882781996e-02,4.658832246215179052e-02,4.302875134091781184e-02,4.875874882763678309e-02,4.598155206844940085e-02,5.105862481878512688e-02,4.024892159556121840e-02,4.314421887909961756e-02,4.275330714159321366e-02,4.583903042067959122e-02,4.693653975795164524e-02,4.416994405948024283e-02,5.053856580891898792e-02,4.704301929049581332e-02,4.117038950411119197e-02,4.303731907873588336e-02,4.390382706415774106e-02
4.160809576553758937e-02,4.683633983200767570e-02,4.491303758809743474e-02,5.224765803121319413e-02,4.772251534359760877e-02,4.514741790034351027e-02,4.604095259112592209e-02,4.685994270298472070e-02,4.519258223859329987e-02,4.456022632256901456e-02,4.311269262558373172e-02,4.854607550049212100e-02,4.072093864897822352e-02,5.089355188208912611e-02,4.094895253619172670e-02,4.375013078237706410e-02,4.922157716607119399e-02,4.339592591905408470e-02,4.021967084204557813e-02,4.674691168800251817e-02,4.773681348756548398e-02,4.357799060547916381e-02
