9.319812851431383965e-03,9.643464804575330868e-03,8.161001437482195628e-03,1.124811347755019439e-02,8.785529397109578115e-03,7.549351244224827145e-03,9.989941504217404386e-03,8.118638324200504464e-01,1.161726524440279996e-02,9.409721188728044708e-03,9.325507385751115319e-03,1.033669136446788671e-02,9.577190042261558151e-03,9.917357368547539617e-03,1.139553817398071024e-02,8.892156663340141515e-03,9.692087125479016338e-03,1.117013914468501998e-02,9.690710073058939056e-03,1.241458908865650766e-02
9.730862648269259299e-03,8.695451343008159945e-03,7.247260539460403592e-03,6.847673496199370956e-03,6.894114829188737435e-03,8.645455228270124692e-01,8.114887033822799911e-03,6.095954341121354904e-03,6.419228106560007259e-03,7.117452069727170025e-03,8.155429539335467409e-03,7.766201857761318925e-03,6.012196006230143171e-03,7.897922752898795321e-03,7.012342043773302225e-03,7.321654900012113804e-03,7.543786281936466602e-03,4.778734199251568129e-03,6.076454337447475575e-03,5.726870846982441005e-03
4.966149831083996324e-03,4.589222253060014356e-03,4.741476201217592612e-03,5.850236925993710507e-03,8.972737601117150019e-01,5.649040467179110639e-03,5.926872320619518478e-03,5.105755849591486588e-03,5.834719135582874285e-03,4.056105887251732975e-03,5.531813675868097607e-03,5.887803996120739326e-03,5.182621428869370675e-03,5.238954190019369690e-03,5.580907047044206606e-03,5.757172719590373904e-03,5.987918573972688882e-03,5.708731481054584930e-03,5.714400074167855573e-03,5.416337829997007990e-03
1.601952461565210248e-02,1.511868826161934069e-02,6.905910356464675104e-01,1.278873596695199837e-02,1.777398286926195128e-02,1.546884326297224589e-02,1.017344662413494430e-02,1.782441058401199041e-02,2.050599639747021502e-02,1.650884358784598591e-02,1.699963720053977029e-02,1.861493193643251956e-02,1.688056448084842079e-02,1.243837851851575457e-02,1.767014918248701813e-02,1.535753391974214316e-02,1.744308969232311046e-02,1.851316461160785673e-02,1.597401400393657148e-02,1.733502863717853448e-02
2.779213888370163019e-02,3.390569586751707859e-02,5.200263957790268732e-01,2.247430871736609895e-02,2.434901070088812611e-02,1.923704163391717903e-02,2.734853743691146102e-02,2.177987089905768919e-02,1.945725456133109293e-02,2.382246313590270781e-02,2.625027561970091558e-02,3.014063735230200491e-02,2.823576708199110330e-02,2.594955459355029193e-02,2.873664002561951078e-02,1.994249696027004803e-02,2.607623410834378902e-02,2.502136578679388032e-02,2.647129859166362856e-02,2.298301226414503282e-02
8.266806466318311897e-03,7.253120218988985853e-03,8.300891718402703123e-03,8.618275824004375044e-03,8.121468774047011993e-03,7.997436130770245455e-03,8.146560420582101003e-03,6.227339429422336370e-03,7.086722131129944736e-03,9.413606003507943645e-03,8.492017807813770913e-01,7.271777374816172125e-03,7.003000410829772655e-03,6.127486024622159910e-03,7.860369575022218072e-03,9.440147553419533585e-03,1.097244774299907001e-02,8.227285009174155339e-03,7.376452947979106160e-03,7.087025462586115515e-03
9.901800957789572144e-03,7.304819423114319345e-03,1.065959230587669102e-02,1.054786810070234247e-02,7.183465239646988874e-03,1.123128207106066125e-02,9.493009540808738239e-03,7.436916722496705705e-03,9.966446968083148700e-03,1.042409346441051238e-02,1.239164793184976965e-02,8.694248063738028651e-03,8.754380212838209704e-03,1.021223648707708133e-02,9.678930148761885274e-03,9.717298001324158746e-03,1.011782118679437938e-02,9.429796778425291945e-03,8.195886059450915306e-01,7.265740450109639363e-03
1.809856731577902042e-02,1.720115114194705613e-02,1.801040966056860482e-02,1.568379266153890547e-02,1.377643983060517462e-02,1.664326031789734386e-02,1.770084499608724077e-02,6.882911386470712545e-01,1.299385240402614952e-02,1.684853654472409645e-02,1.863429805474306478e-02,1.586798108327237486e-02,2.088997849353362371e-02,1.664544090685205965e-02,1.376612705112273058e-02,1.631686144223185725e-02,1.493534169215625720e-02,1.515120493821928323e-02,1.315299562744106157e-02,1.939177719018233062e-02
7.800106544992952036e-03,8.481438833639958277e-03,8.403766424876044638e-01,7.235606172374130923e-03,8.029515592204461774e-03,7.449066931226873238e-03,8.358777531265643851e-03,8.735417425489390778e-03,1.008994035879965008e-02,9.145192310791394261e-03,8.393574468864670179e-03,6.531615574758799746e-03,7.810452335020213674e-03,9.166611565242838502e-03,8.604600660323757921e-03,7.508657289336507189e-03,8.484942798488910934e-03,1.007966029215080078e-02,9.230536635765595674e-03,8.487644191659404411e-03
2.766708860347218916e-03,3.940831440932659850e-03,2.736579761712056112e-03,9.377358473134329575e-01,3.421735248632712043e-03,2.520978760825355516e-03,2.380536633617526439e-03,3.341065649530623131e-03,3.522613891716132317e-03,3.227812129688584133e-03,3.766551195762397105e-03,2.649672269133809908e-03,3.239998654894660213e-03,3.205180876222105905e-03,3.873118484090742365e-03,3.277870143959210440e-03,4.501986679214795874e-03,2.893771651573489451e-03,3.579003025615196901e-03,3.418137329098002233e-03
4.680870736840052337e-02,4.954492174086329997e-02,5.183432677728018467e-02,4.627788536834649691e-02,4.320985340303783173e-02,4.404623941878248877e-02,4.641904855407484598e-02,5.376674539508243672e-02,5.624436544791286408e-02,4.861099519838751187e-02,4.076103091368346587e-02,5.363762360067142465e-02,5.457409401473793664e-02,5.372041686387744180e-02,4.214390457993708733e-02,5.366186641995243645e-02,5.115640098225881366e-02,4.938162322287747291e-02,5.502180348534904675e-02,5.917814724448582087e-02
1.288538579263608097e-02,2.013357412429903764e-02,1.241750908781355869e-02,1.938545769673428315e-02,1.685057539796099707e-02,6.808465065581622566e-01,1.311159369010151364e-02,1.391666195186982632e-02,1.582941864337214510e-02,1.449281672207527495e-02,1.826148216383899001e-02,1.631944789193923162e-02,2.087758372969397355e-02,2.005311675948513728e-02,1.673621366812278952e-02,1.769030236842918796e-02,1.639441588822976997e-02,1.891819604242194613e-02,1.859588043084123982e-02,1.628386139197333243e-02
5.210885791549275947e-02,5.407178402393015421e-02,4.188804093612680246e-02,4.784704187170666506e-02,4.788411010887825420e-02,3.749917257440209262e-02,5.682884280327075988e-02,5.036406962587110930e-02,4.803345165482374168e-02,6.076218916193817238e-02,4.914391421813778249e-02,4.444980894990647330e-02,5.471576232192106731e-02,5.390615171371173492e-02,5.176729261419331374e-02,6.081646467395535743e-02,4.815470561119712667e-02,4.841448199604515140e-02,4.864697767534720274e-02,4.269687954914393874e-02
1.006131046740310099e-02,9.515746559814745181e-03,8.358097729547556143e-03,7.497838727949783511e-03,1.042059562239369686e-02,1.296849758978351787e-02,9.125361545866518889e-03,8.122035116820798262e-01,1.028403877217582384e-02,7.641504325291218792e-03,1.187317291408630272e-02,9.753129208180926629e-03,8.786156947176555765e-03,8.893900236120128380e-03,1.109167001455611118e-02,1.028014031844318513e-02,9.043771164404201118e-03,1.126048988480664835e-02,1.112358931066847328e-02,9.817476979251197819e-03
4.811763295567607346e-02,5.273592309964156982e-02,5.440716165880210564e-02,4.186623446419050765e-02,4.500687292751178598e-02,4.728164723100077710e-02,5.437182824335620029e-02,5.201951739481345399e-02,5.272395200621379785e-02,5.012260508116819085e-02,5.148790987036727662e-02,5.460789302554938662e-02,4.930456537856162114e-02,5.247817801572857155e-02,5.331217668939749327e-02,4.908623399755587813e-02,4.316338401830100563e-02,4.603618616080581982e-02,4.920556429948195337e-02,5.266453348187632999e-02
1.070362234836273393e-02,8.690659287202291347e-03,6.038414512221252917e-01,2.210055714740439270e-01,8.025115001348030394e-03,8.888357052800619287e-03,1.000552990139636465e-02,1.057607279317577566e-02,1.062234854101398035e-02,1.134539395155483715e-02,1.121917005006731020e-02,9.978921311033440295e-03,9.963983807355998937e-03,9.969062706815847927e-03,1.064767578055354942e-02,9.105297650319411212e-03,9.479310232195571270e-03,8.328161756753722778e-03,9.419890109008189835e-03,8.184405022874019150e-03
1.419484621413033207e-02,1.578472973448646205e-02,2.037344469197306315e-02,6.901726609235642185e-01,1.649927441794407645e-02,1.581513621073125930e-02,1.331800088532974873e-02,1.577617534333242491e-02,1.856195359480921486e-02,1.696183338340923746e-02,1.733135855153403182e-02,1.196243435543929180e-02,1.660777627408708407e-02,1.589396115667793610e-02,1.549617083691361141e-02,1.265846189847093239e-02,2.223059142248134945e-02,1.682503880634457494e-02,1.599207959077349542e-02,1.754407170756739492e-02
1.444193911051974179e-02,1.454534384728785150e-02,7.578501420757002283e-01,1.107062574380858824e-02,9.675652809082998379e-03,1.244536334828444391e-02,1.273255549210351202e-02,1.413044438532105006e-02,1.311605684287370406e-02,1.357177151367497218e-02,1.300063894098350825e-02,1.445913432222925912e-02,1.018045099030007519e-02,1.092821910968408937e-02,1.462980357482472800e-02,1.196510407540025446e-02,1.282881282968539524e-02,1.434889054727645288e-02,1.233851940581282697e-02,1.174053103514494968e-02
9.151356331517977380e-03,1.008535878573253892e-02,7.799801689933150844e-03,4.135246253321166465e-01,1.002026009040356096e-02,4.146216079164797841e-01,1.077395198975412971e-02,8.954683243756769717e-03,9.726534113888378116e-03,1.080573827913419369e-02,1.003661928059154836e-02,8.681844989983965657e-03,9.572447782936489499e-03,1.008618103748821701e-02,8.986851307979014380e-03,8.888993003696091591e-03,8.644319742932614001e-03,1.015652938424366214e-02,1.140500239867584496e-02,8.077293298755370415e-03
4.850559413677151682e-02,5.513991817531412737e-02,4.582876389396137173e-02,4.924171390725503444e-02,5.590100804398875217e-02,5.072502799305103616e-02,5.260228960025985917e-02,4.685459504083264864e-02,4.401704239255813111e-02,4.830956934270774772e-02,3.704791587377646855e-02,5.325155405028213912e-02,5.109594666117698442e-02,5.881990894489023958e-02,5.476958131310000200e-02,5.634552247834005018e-02,4.751990709873065571e-02,5.073782530376507588e-02,4.572614983691975638e-02,4.756016591231800733e-02
