1.273031386359329067e-02,5.232568545059652632e-01,1.309807474603483061e-02,1.228909185143948167e-02,1.143301202827643609e-02,1.123096452762067064e-02,9.239896610798497764e-03,1.438159909352145632e-02,1.253780202531390095e-02,1.311655193866328659e-02,1.218476115589646643e-02,1.226928079330759196e-02,1.535110522162924825e-02,2.525510757491871150e-01,1.219597982548531641e-02,1.097294059842002234e-02,1.434159121036663286e-02,1.274974605467794203e-02,1.218771351861846347e-02,1.188164468118353689e-02
1.244294810050360946e-02,2.565166202616739888e-01,1.050650860077980212e-02,5.303446983332698039e-01,1.196997662254573914e-02,1.135678512519326840e-02,1.422953455422534472e-02,1.282992584738399180e-02,1.034448610603182390e-02,9.197138655458963682e-03,1.039179722232628708e-02,1.225428056324997725e-02,1.234680438310835175e-02,1.191225476604964965e-02,1.376915625513683294e-02,1.483972160606926091e-02,1.278940144261632612e-02,1.010810128726433686e-02,1.013456592889392001e-02,1.171529433821832424e-02
5.856595757655722913e-03,7.108893946678213061e-01,4.504349975952848424e-03,5.230619755671394103e-03,4.415384534524063528e-03,5.014249294580982140e-03,3.603946129614296091e-03,4.913156522239654420e-03,6.193049926096929995e-03,3.888049170895287263e-03,4.736247724379459914e-03,4.073995197628478213e-03,5.150678645509053875e-03,5.030148450930994712e-03,4.985864565625504341e-03,5.365505925766742359e-03,4.535675640944472273e-03,2.015038508616557034e-01,5.307492086645522814e-03,4.801745165862756314e-03
4.105116929718303879e-03,9.138432936044148525e-01,4.821699256093500176e-03,5.001467526931892976e-03,4.766806503203980389e-03,4.902719624921328921e-03,4.928625865255836444e-03,4.669212879915795450e-03,4.313755827270230464e-03,4.480606531017454659e-03,4.654859410089675666e-03,4.027620051490174088e-03,4.583925321439849543e-03,4.674744373623218076e-03,3.761937638770441409e-03,6.087197653923409266e-03,4.448122347201145105e-03,4.077414023820606637e-03,3.699689183414723442e-03,4.151185447483623885e-03
1.206720214662184397e-02,1.138375240942151451e-02,1.117911197328558606e-02,1.498527191415415481e-02,1.251068845478403233e-02,1.394869318484827543e-02,1.150283790530153699e-02,9.170894209887255760e-03,7.668827014569346012e-01,1.056446213464620407e-02,1.292288984616300589e-02,1.318965248543903582e-02,1.127509353172139427e-02,1.195056411174837303e-02,1.208684595822813457e-02,1.136855193716367236e-02,1.429680729733658409e-02,1.452077729835518638e-02,1.218154902105551655e-02,1.201165272290414567e-02
5.435220905325890972e-02,5.779238892034371800e-02,4.467866305686672007e-02,4.777192518698827189e-02,4.377337419495961474e-02,5.354698543832223101e-02,5.295962727425507915e-02,5.221072931406418871e-02,6.062814501037495918e-02,4.524312967253691503e-02,4.564536640539690326e-02,5.112445945968391303e-02,4.561081374204730560e-02,5.017510984348522163e-02,5.765460726264316077e-02,4.742331194048959170e-02,4.639263509934085650e-02,4.772756972186265045e-02,4.725175288282783964e-02,4.803719652025168624e-02
1.127181862550532924e-02,1.296851149094134341e-02,9.552019470359282907e-03,8.890158396793499535e-03,8.967683400968460422e-03,1.088593970777338923e-02,9.703552379879338760e-03,1.136245998758740432e-02,1.229412736363376911e-02,7.959392447736029705e-03,9.121233146566985403e-03,9.601607500914892748e-03,1.086201944118670923e-02,9.346598256048286105e-03,9.030583552808826506e-03,9.092067309013072626e-03,1.083870943208839997e-02,9.300223914168403994e-03,8.913330180569906808e-03,8.100379639954572442e-01
9.611811228764933698e-03,9.795300683551938850e-03,7.848250563078760025e-03,6.824966002869687909e-01,8.210365428269457075e-03,9.195312885595276556e-03,7.176331154574285866e-03,8.486476387586903286e-03,1.725762372693764035e-01,7.124152160192661135e-03,7.255459591061387027e-03,9.345319305874537005e-03,6.980495866733438248e-03,8.127418137240091656e-03,6.278957682089183687e-03,7.620985707831201897e-03,6.810977422479592286e-03,8.781374873882927604e-03,8.558612016834167904e-03,7.719561348013471123e-03
7.630929542875016791e-01,1.085278300934490632e-02,1.161628590064235113e-02,1.382002220438675703e-02,1.547044765268805640e-02,1.480466832281259436e-02,1.188708186300077574e-02,1.504404990356892312e-02,1.137643574558124329e-02,9.694249018479508123e-03,1.088236679183944740e-02,1.467070614877355635e-02,1.032935890646906676e-02,1.437403254743688762e-02,1.202894013290458156e-02,1.203938072739993252e-02,1.265488317237381533e-02,1.105851019564168224e-02,9.629208298208995903e-03,1.467363517094512002e-02
4.507175426559602294e-02,5.534478352760077713e-02,5.082463830517854747e-02,5.236964627770988173e-02,4.840560728433163790e-02,4.345707342986877830e-02,5.355971973050006191e-02,4.265183806095570324e-02,6.441502655022977863e-02,4.608109724191078449e-02,5.125937738580658987e-02,4.895587596879263231e-02,5.480710007191486738e-02,4.766063483060035966e-02,5.102004541532553783e-02,4.996735460220466662e-02,4.933586148761542195e-02,4.877699700572274422e-02,4.725722428316608131e-02,4.877834427496897246e-02
8.351391887942178904e-01,1.009485660356165999e-02,9.029103626608313976e-03,7.240975444288467316e-03,8.034192463765296027e-03,7.079086976583996889e-03,9.922316973227505998e-03,8.943654586193613282e-03,8.931128713424654406e-03,9.124154371320964199e-03,8.897302095248514966e-03,7.877787790250063982e-03,9.669378489867062887e-03,7.227252401214127875e-03,9.861570090232968724e-03,1.034710624043814163e-02,8.651843873169594995e-03,9.097645839026545847e-03,7.932842149299285453e-03,6.898612478060963359e-03
1.735665348262098104e-02,1.727300919893203987e-02,1.382990048656089835e-02,1.696333670432842097e-02,1.667188995069103161e-02,1.559998328194021032e-02,1.475344023452188069e-02,1.581634062149079797e-02,6.921490304487307732e-01,1.523557033962387799e-02,1.625800731351426456e-02,1.954661852478943584e-02,1.743994025027861827e-02,1.642693927007054730e-02,1.881982303833976480e-02,1.327483556360498432e-02,1.569925613607911496e-02,1.395505330618905179e-02,1.914267811487450899e-02,1.378769373281799222e-02
6.991258764668371352e-03,6.591105276008033149e-03,5.178276386827178682e-03,1.364385342133014878e-01,5.902008859367540057e-03,6.276960285744726323e-03,6.174149377992799691e-03,6.408496409528808072e-03,2.499002546981622386e-01,5.123199259027324919e-03,6.186923692663251831e-03,7.629161365171947991e-03,5.831724598421066975e-03,5.097562163934358237e-01,5.667037168091806736e-03,5.009872591077350543e-03,5.819150823947149588e-03,6.089001329115382652e-03,7.672865512309363402e-03,5.353802995138195325e-03
4.967495952987485003e-02,5.083475139376889690e-02,4.851739206636182522e-02,5.128344049309845748e-02,5.332880840867759709e-02,4.468174949906057042e-02,4.522175119835247781e-02,5.260590431359047497e-02,4.783531453761845353e-02,4.534040501698747422e-02,4.606220032648217916e-02,4.516098756700467898e-02,5.071355458924479975e-02,5.085721773327141898e-02,5.620806284747861814e-02,4.783385683123236171e-02,4.508413647476830488e-02,5.502328196163158019e-02,5.302915277389438214e-02,6.070307243760022370e-02
4.905168288628968670e-02,5.451729060444008429e-02,5.108787889139480148e-02,5.154530053405423362e-02,4.371977097151484581e-02,5.177114617549644776e-02,4.791267992403221154e-02,5.031735346995366842e-02,4.736356883958706826e-02,6.060730770109322429e-02,5.176277238458953239e-02,5.744284730313281573e-02,5.432399998232141647e-02,5.684955366775615304e-02,5.105860733975168403e-02,3.808142867021270528e-02,4.202077202997413219e-02,5.330771949969186074e-02,4.180691160096906139e-02,4.545140752374379062e-02
7.949798235103349223e-03,6.254519788182428229e-03,7.532984800175993555e-03,7.150837519017584284e-03,7.306630049304894958e-03,8.733917536201550938e-03,6.454974278320441822e-03,6.616328983410531273e-03,6.451461844890096602e-03,8.496865931848049391e-03,7.391365649056787050e-03,5.663805554800754004e-03,7.723986060836968669e-03,8.652453156285646596e-01,8.255243414322804146e-03,4.637242907824919158e-03,7.567558025926954431e-03,7.160215546694215227e-03,6.929067216234703445e-03,6.477881029281215911e-03
9.254221455847385855e-03,9.498932205782625177e-03,8.827851317956665611e-03,9.908136799273034589e-03,9.695612239660610088e-03,8.216554568758539442e-03,9.137705671467752366e-03,7.469503601191012504e-03,6.569258494100129429e-03,7.281744767869615699e-03,8.441727611992733832e-03,6.528624767255131189e-03,7.917235488981639799e-03,9.653716176323032250e-03,8.646358175050699452e-03,9.378700386423648519e-03,8.439465941111204753e-03,8.382843190072009065e-01,8.603096414413213128e-03,8.247234909340154380e-03
1.186750159412997170e-02,1.138200378935862352e-02,8.883182364053840777e-03,8.094595706768156207e-01,1.097237108446827598e-02,9.764760783443595521e-03,1.033838158741505302e-02,9.508741653867046686e-03,1.056891871672701634e-02,9.813439630788635057e-03,9.909520910179228648e-03,7.341799821751543963e-03,1.007044954872748400e-02,8.618652094314591811e-03,1.114298210340709631e-02,1.141057141324378250e-02,9.324381735736004748e-03,9.316579391836022142e-03,9.798279180403327709e-03,1.050791191933290840e-02
5.042311719497419853e-01,2.720102263141250046e-02,2.428878131948532595e-02,2.466287881599745976e-02,2.597355383189006370e-02,2.868449093898099711e-02,2.577015973898645271e-02,2.479540894969621545e-02,2.648891243997885531e-02,2.443068072944240207e-02,2.577368372523405893e-02,2.738623478030934380e-02,2.669106714970916061e-02,2.482396768535701653e-02,2.566265480214230399e-02,2.910547596665490414e-02,2.374660102489154628e-02,3.238867326375914624e-02,2.678866250254081580e-02,2.110591775378956383e-02
5.179862591759924056e-02,5.018270090669542383e-02,5.625423109604594379e-02,5.364250926146093418e-02,4.497279674749543599e-02,4.330599059789193295e-02,5.672497276583377684e-02,5.018434835584190123e-02,4.546106929627141691e-02,4.823230483846123462e-02,4.382787377197279455e-02,4.784251230308127906e-02,5.774530223483383129e-02,5.388567414753858698e-02,4.899426089569498821e-02,4.987911126073107243e-02,5.277451937151616396e-02,4.805402688674259570e-02,5.078881595418156120e-02,4.544835339010981634e-02
