1.036458259107664141e-02,8.906259972480328607e-03,9.434753170022685750e-03,8.724667246521168248e-03,2.774759737177467378e-01,2.837639843996187516e-01,9.076281390475341576e-03,9.925817374536884119e-03,8.524889628150218376e-03,8.334051747351196859e-03,9.345727880819346134e-03,8.919275329579120018e-03,8.739339456899966260e-03,1.017406260288194683e-02,6.320026190568442392e-03,7.432652144198018639e-03,7.911759696666121472e-03,9.474812183087040485e-02,9.860649920298290849e-02,9.038032550423260453e-03,9.578788139355465248e-02,8.445360482576073566e-03
1.128085030655149174e-01,1.042780635590274951e-02,9.487189607359863830e-03,1.038570390776048617e-02,9.005500550771566859e-03,1.054553287369030222e-02,8.909589016500086764e-03,9.519885632114288496e-03,1.056215996879392161e-02,7.744353276680009460e-03,2.033589792292027076e-01,2.008476158627515717e-01,1.168541991612479479e-02,2.080969242220728210e-01,8.845999331899950455e-03,1.024740403463479319e-02,1.057235941149694686e-01,1.068849913151045244e-02,1.149375467467895345e-02,8.749581490768482475e-03,9.609913152957618235e-03,1.125609058334058228e-02
4.626437053459027393e-02,4.389701855558114998e-03,9.033011466387179389e-02,8.965490312425236641e-02,4.641700146384242914e-02,4.603814666377967907e-02,4.846769758976007814e-02,4.204742865996802074e-03,1.365998562844657205e-01,4.802607223689953769e-02,3.441311237130272298e-03,4.461466324886224563e-03,4.547077416782879106e-03,3.944609237888728193e-01,4.307881513101147891e-03,3.635629375246915602e-03,3.754893988012251473e-03,4.193869054153844846e-03,3.667820837340335111e-03,4.757534332592924450e-03,4.274631587170624712e-03,4.104353261692684704e-03
4.379464455158599973e-02,4.999005705528773366e-03,4.425804931832596351e-02,4.264812421662059899e-02,4.649471602832429447e-03,3.588738645756353943e-03,3.934984055771799383e-03,4.564728338701540961e-02,8.227310856686333163e-02,4.229688242423915862e-02,4.496161627455060733e-02,2.025491202125159207e-01,3.854355814202352088e-03,4.249590067655146380e-02,4.312443359395795248e-03,4.547266847297479903e-02,4.128189970329889345e-03,4.097310234711165275e-03,4.305899315630946911e-03,4.732410360876484340e-03,1.221874623823338141e-01,1.988123304513879086e-01
2.328083391770483512e-01,8.713918291843291905e-03,1.068388620318094957e-02,1.117572253778876222e-02,1.053593055885697696e-02,1.267771703049262386e-02,1.172978760746921922e-02,1.171984007696454250e-01,1.161129136614238652e-02,1.030000726600734974e-02,1.193388373317548073e-01,1.200516486639596342e-01,1.197899087717452932e-02,1.179581245593428786e-02,2.261030354002789844e-01,1.124665776259318843e-02,1.011331825093244458e-02,1.055678603356540249e-02,1.160429894280486963e-02,9.481704694849053816e-03,9.640469250816754987e-03,1.065343952686045176e-02
4.398741697775843118e-02,4.557666318033223862e-02,3.779815477304006993e-02,5.014489635027343656e-02,4.888258254780301904e-02,4.262198954750453378e-02,3.764765605667984294e-02,4.245563109400637969e-02,4.700448580215680489e-02,4.898142771485079067e-02,4.729254392795580880e-02,4.796467132885928741e-02,4.328586748763425807e-02,4.176363819630731639e-02,4.923755331023679099e-02,4.570146281462703769e-02,5.528289180227007049e-02,4.608539015142374545e-02,4.065372190288674137e-02,4.891318353543086528e-02,4.140243643628308684e-02,4.731573506167895821e-02
8.851840611301725961e-03,9.826776855223238322e-03,1.007383490634963380e-01,8.702818364499946904e-03,9.595707775704532053e-03,9.699688048931641438e-03,9.622150571793573748e-02,9.809514954426239511e-03,1.876368091885259326e-01,9.740636562696153300e-02,9.757622839077778262e-03,7.554923613390720875e-03,8.504744903421949942e-03,9.078106322876356576e-03,8.471921888662718378e-03,8.426138424338898772e-03,1.014371110136832316e-02,3.634327488137034656e-01,9.712379761784817669e-03,8.144271815659494609e-03,8.937804409339727627e-03,9.346249899368705427e-03
7.016317352578928940e-03,7.526121305147657342e-03,1.585144975539348466e-01,8.363971560163707686e-02,8.883164339846733037e-03,9.727282432199146553e-03,7.951561713293796296e-02,7.881310291893382780e-02,1.569200118490133578e-01,6.630702685258739980e-03,7.263774931668122610e-03,8.445821194628933687e-03,6.907940966958528439e-03,8.663119627144767049e-03,3.196737890098320656e-01,8.774765614365633362e-03,8.648903250698520423e-03,7.380035006531683248e-03,5.766396558259685029e-03,7.031390713077173039e-03,6.800854329991327940e-03,7.456675625355107390e-03
1.036305060226337844e-02,9.740288914661993439e-03,9.108040537528575009e-03,1.082390366257387528e-02,8.991632802547916414e-03,8.366250827315995647e-03,1.078100206642952502e-01,2.941668489475673387e-01,2.146429789641880193e-01,1.020550463958333660e-02,1.094387122349284869e-01,1.084927904061460946e-01,8.801005242466009709e-03,8.979498939738135219e-03,9.622646945550716174e-03,1.175922160612554584e-02,1.146270806559007184e-02,9.046459820806216148e-03,9.271251233477490264e-03,9.157619040847941871e-03,9.775016890414694321e-03,9.974549011382836602e-03
5.041974406331834607e-02,3.824531423936376046e-02,4.751964500237080419e-02,4.326202292142517641e-02,4.460643584139513396e-02,5.263102450583694025e-02,4.505832544209693175e-02,4.076491472954035800e-02,4.646447580154468987e-02,4.504000666501054712e-02,4.497731356030860994e-02,4.546898818592805258e-02,4.511801313676625652e-02,4.209396855577604568e-02,5.077612018996977006e-02,4.191711682031395297e-02,4.241307850777897154e-02,5.118905589180395427e-02,4.218018369922735267e-02,5.520181348911568781e-02,4.667895738257162724e-02,3.797348136853675310e-02
8.308947615340847581e-02,3.802279867787523027e-01,8.743029407545645226e-02,8.245714061314055043e-02,8.425596284838471339e-02,8.356870931590561213e-02,6.670286123060599134e-03,7.313608749715331571e-03,7.000824155719321228e-03,9.460898248238709674e-03,7.268830685106604690e-03,8.282459752453229240e-02,7.289015370975003572e-03,8.571797007229230159e-03,6.980903014690870156e-03,7.834991630430793857e-03,7.539250910472479472e-03,7.917021071829169129e-03,8.497504551621444177e-03,6.773204022180317162e-03,9.249874594623468463e-03,7.777822554526314831e-03
1.371837683140802837e-02,1.481999239604557192e-02,1.426881177873477388e-02,1.486382585192374539e-01,1.497774558353636987e-01,1.521075291604976620e-01,1.360275431513625725e-02,2.962589477667666449e-01,1.512121926603950291e-02,1.127754209854685795e-02,1.513790771455726658e-02,1.703272761018637810e-02,1.381097332898603702e-02,1.342285789555293200e-02,1.330519741153892398e-02,1.263108920521112573e-02,1.286274114760156163e-02,1.282202394823061219e-02,1.423068813681146842e-02,1.457025142331295174e-02,1.499388610088974241e-02,1.558876810934439229e-02
4.415253317921558930e-03,5.220224869269242396e-03,5.063056336224639083e-03,4.100894329261338574e-03,1.022495759656979614e-01,1.041985235549088701e-01,4.791586140011296416e-03,4.894759872542510729e-03,4.679827920199387294e-03,5.239484265729813135e-03,5.536209396908439023e-02,2.514998888414820000e-01,4.830245731269461155e-03,2.043077482179952442e-01,1.050536022812087328e-01,5.428282650823852695e-02,4.493563449303484073e-03,4.484366080291386433e-03,5.174117540126476310e-03,5.598848851227482964e-02,5.176447832999162522e-03,4.493424463959128264e-03
4.812459950620306265e-02,4.898011088788502276e-02,4.210719792358346564e-02,4.403084863246346098e-02,3.905092571880119240e-02,4.540486923035533251e-02,4.465610811076002606e-02,4.093722835425398637e-02,4.416518680330316915e-02,4.898090871908017396e-02,4.868308225725882787e-02,5.069030976370079988e-02,4.569475685642292867e-02,5.009137786738850767e-02,4.360224471595049861e-02,4.297372761091731302e-02,4.433474128220366711e-02,4.858377368562090404e-02,5.009529981105403929e-02,4.408256320472981465e-02,4.268149360333520215e-02,4.204864545472861148e-02
4.400651280441190971e-02,4.582552462410931921e-02,4.837889552669712157e-02,4.573079223535096716e-02,4.626736100152547410e-02,4.653309390996060446e-02,4.235216012759236009e-02,4.963229531683045759e-02,4.333077099366978296e-02,4.765139249615807371e-02,5.056525878741956886e-02,4.150551773755457169e-02,4.625138731537319775e-02,4.561147998244316493e-02,4.991821407695504892e-02,4.626640444387610657e-02,4.165994223399999835e-02,4.251547610203022104e-02,3.990418901305941429e-02,4.916379713622109210e-02,4.613521030131912531e-02,4.079432383344240576e-02
6.140733207239770265e-03,5.007281090606215818e-03,5.761077843881405591e-03,5.598168646391601423e-03,5.927341040789561866e-03,5.652545735332887601e-03,5.930943671769277337e-02,5.200898624826407433e-03,5.923402550240661202e-02,6.014851290944261269e-02,1.127641218555664460e-01,2.273850261012718976e-01,4.665494047206269340e-03,5.591896652880444865e-03,5.863229853362803348e-03,6.070240064585063350e-02,4.931297892128083497e-03,6.948776972565870978e-03,1.710755136738859594e-01,1.720883489140569156e-01,4.257338196357255376e-03,5.746533876257505641e-03
8.221791084271608263e-02,6.743415667885117003e-03,6.985609420320787119e-03,8.536927563342115721e-02,8.470384789734580755e-02,8.125752365666560895e-02,7.978718181339860757e-03,8.610171053832446977e-03,7.636553797474904606e-03,8.369265653545671091e-02,8.165098940890815754e-03,8.306437166939945049e-02,3.855061669963724125e-01,7.375439339150452640e-03,6.405422480894765874e-03,9.198781750762569792e-03,7.425744054559887605e-03,7.068773992042766061e-03,7.645305350723432744e-03,7.427204471917401608e-03,8.992748188471995016e-03,6.529260078355347656e-03
8.670986595883540746e-03,8.613279205466081376e-03,9.352607282676891898e-02,7.886274659632522624e-03,8.765831515556113396e-02,9.140786407435544381e-02,8.772127964061185446e-02,8.534065015148242436e-03,8.471265655154631979e-02,1.010101321037774197e-02,9.402477530794876165e-03,9.010536478275438244e-02,6.284677885041164286e-03,9.013711287648284304e-03,8.853154345687055601e-03,8.776641922574783886e-03,3.389107951281101205e-01,7.283041801277045230e-03,7.367298109025436671e-03,8.902249168052876402e-03,8.486555108832755101e-03,7.782225994849189393e-03
2.416969385944996856e-02,2.201737046189296970e-02,2.207139349911743306e-02,2.425287491583781249e-02,2.162873684123973322e-02,2.582756501394542839e-02,2.613730385083369231e-02,2.601709812444675252e-01,2.312056356808851743e-02,2.566056288915398720e-01,2.287951150891168184e-02,2.421829722323428843e-02,2.431220738856361419e-02,2.609301344273430578e-02,2.720354348216645624e-02,2.430207632049195821e-02,2.280200239778967797e-02,2.642284698683585592e-02,2.333763245060220884e-02,2.219380668209309376e-02,2.447667031758170297e-02,2.575627965258184271e-02
4.727848109866867460e-02,4.605381237607338030e-02,4.483991139672476034e-02,4.398919660789949587e-02,5.525992523434235248e-02,4.304035605572559958e-02,4.614631477627378214e-02,4.952958449127858181e-02,4.744572387871800329e-02,4.634280863032951697e-02,4.130189922897695848e-02,4.501915070470275532e-02,4.104891422379899207e-02,4.421053273807935835e-02,4.007139428134982168e-02,4.740889378925219888e-02,4.736378348478242906e-02,4.773744469152170489e-02,3.580134731290023076e-02,4.542165321791914040e-02,4.983826661066732833e-02,4.485060517001479563e-02
