1.252943632366686384e-02,1.431581026950456796e-02,1.861907446537069688e-01,1.771203358454370158e-01,1.752261827818598489e-02,1.707996429016813908e-02,1.625185321486354723e-02,3.370782741196794996e-01,1.501436126824069912e-02,1.528588149807111329e-02,1.644738583672123583e-02,1.559039287647761424e-02,1.472196768759388187e-02,1.436441924701868135e-02,1.697690000239023000e-02,1.433556662644331833e-02,1.552471379867118202e-02,1.581996871556801479e-02,1.612341977999524889e-02,1.710769099599977403e-02,1.629629922910574846e-02,1.830199544249097934e-02
1.412513041855036067e-02,1.311207555035508350e-02,1.579789115770235605e-02,1.410767469167230510e-02,1.386246321075367341e-02,1.299939689420759846e-02,1.503161882350568801e-01,2.954888415503101884e-01,2.856438387980893556e-01,1.468397596320270178e-02,1.285492572808816930e-02,1.539629294506314125e-02,1.468186523909157520e-02,1.478387006185986549e-02,1.291748639170848915e-02,1.348078400739013624e-02,1.453728616609693651e-02,1.402432240211400755e-02,1.473042497052185970e-02,1.133659700009054423e-02,1.715077844489102180e-02,1.396789017318374182e-02
8.666550994911431313e-03,9.521830121348572040e-03,1.035927383431197585e-01,9.474521143919686569e-03,9.531627412064485813e-03,8.211348083953058305e-03,9.696685430999893440e-02,8.734380212151567069e-03,1.885535503583550543e-01,9.755749563224980214e-02,8.917690271775061475e-03,1.009833347810194792e-02,8.801091560603324648e-03,8.848648922089943220e-03,7.052777864890051596e-03,9.623293405993198907e-03,7.955218539721165341e-03,3.626650728758343267e-01,8.857145640164175437e-03,9.546884387028036628e-03,7.902339491533665744e-03,8.920606950193081530e-03
4.989728505717539592e-02,4.351048550846455844e-03,5.158043347351362606e-02,5.331545482566327904e-02,5.155170657386599735e-03,4.964123726941164355e-03,4.473045167092826700e-03,3.821693248551065285e-03,9.844971932114235380e-02,5.377707339901434402e-02,5.111704016109872017e-02,1.467746565684819593e-01,4.550129159732284670e-03,4.577630713637682869e-03,5.145547199012539402e-03,5.466140993991115693e-02,5.341675668016752747e-03,4.547635991594699972e-03,5.474131717568822206e-03,5.030642156196969521e-03,1.447439627686957775e-01,2.382504905287257668e-01
2.750781983053722166e-02,2.470838042403807402e-03,5.072339089325210437e-02,5.119626361061663244e-02,5.230181769991708307e-02,5.179482571475259312e-02,2.666683893354926740e-02,2.189954667018302169e-03,7.458261780061756219e-02,2.703733365814293271e-02,4.894307507388499096e-02,1.459569872442277871e-01,2.830726073511064846e-03,3.449560811544506445e-01,5.017168890059608283e-02,2.662230182057430741e-02,2.548738425770163529e-03,2.430594807022203735e-03,2.370168925254120471e-03,2.165072281016765503e-03,1.945421533958402362e-03,2.587442908925469305e-03
2.708104596758742488e-01,2.238206433054958783e-02,2.016376104875417311e-02,2.366887021062083138e-02,2.653520266840666414e-02,2.033083410669661931e-02,2.526848870253131651e-02,2.052655958577251707e-02,2.047406833488047903e-02,2.333457456037573916e-02,2.251297756221111446e-02,2.881465643383532629e-02,2.557270539062171666e-02,2.677037471449582595e-01,2.566230391926263218e-02,2.520262029170549506e-02,2.278243492869964915e-02,2.080821406634512927e-02,2.098946574961371367e-02,2.394669777712060341e-02,2.454611497635790507e-02,1.796317853480592502e-02
5.425195207227942115e-03,7.082562969833229929e-03,1.313873236327983696e-01,6.931401941449297222e-02,6.226442236596240430e-03,6.018033479458009642e-03,1.309016987148045597e-01,5.781044569781650620e-03,1.925160489494441296e-01,6.474901736969677045e-03,6.641788217982954635e-03,6.250966616511301373e-03,4.930458208290724488e-03,5.595192609325981732e-03,2.460016100442196652e-01,7.703018095696516528e-03,1.291568442636407965e-01,6.337903770045339759e-03,6.331469507510847743e-03,6.433012955004345675e-03,6.212095566127364549e-03,7.278369234237867628e-03
1.809806907950945939e-02,1.722786054445178683e-02,1.867680588568786798e-02,2.093017315666551720e-02,2.108665030154536213e-01,2.146917487977678118e-01,1.945493961103078595e-02,2.061827458602563320e-02,1.815118883539460631e-02,1.673017686578702826e-02,1.820731811936875805e-02,1.735675192649488788e-02,1.792984190265817582e-02,1.761682588299585961e-02,2.227815701879640523e-02,1.815579260451129912e-02,2.397053999189838538e-02,1.937319818402161858e-02,1.763280218838463032e-02,2.122182608136997661e-01,2.192803232330955629e-02,1.788673866608634158e-02
1.344550205744960043e-02,1.301855863760570213e-02,1.195543834999838149e-02,1.391869398486538512e-01,1.164441567600313365e-02,1.378739268314050845e-02,1.147715497787515568e-02,1.314875789229050934e-02,1.262732800703581827e-02,1.332928862467532560e-01,1.393948595399205695e-02,1.361648930974811433e-01,3.678641337881242146e-01,1.231583176315220393e-02,1.227389379157877054e-02,1.256534498213999172e-02,1.114739915945034757e-02,1.080822183366662685e-02,1.179544565372609051e-02,1.271250873804690915e-02,1.190653154303928686e-02,1.292193531879676227e-02
1.114971080823830632e-02,1.289981269888075890e-02,1.155523992714590532e-02,1.252988138672361806e-02,2.529399193299752824e-01,2.635449812676561310e-01,1.119699005559682790e-02,1.312781403698746463e-01,1.334256572155337328e-02,1.274232365800885038e-02,1.190623857574131354e-02,1.118371432512419578e-02,1.333757713256985417e-02,1.069149052136061408e-02,1.237969901619307041e-02,1.226524718879378091e-02,1.240533582825586491e-02,1.149531397489507271e-02,1.428140474085887873e-02,1.231621859773059970e-02,1.315606999925822973e-01,1.299749488224053069e-02
8.179318001794091963e-02,3.833081036534641828e-01,8.424861858993935859e-02,8.506955365795727808e-02,8.426528543034908503e-02,8.282227051761598124e-02,6.711995176897933048e-03,7.913840830692259881e-03,7.358649906859373278e-03,6.543692682317914233e-03,6.669668320142061423e-03,8.358744340643506354e-02,6.799300865031884106e-03,8.452657202137647471e-03,8.168846099782287040e-03,8.080475019394619748e-03,8.358714930748705266e-03,6.974575060930529938e-03,8.199866703522360259e-03,8.494920669173023839e-03,8.079066670395044364e-03,8.099274588272255618e-03
4.268330274833973675e-02,4.064893489305864555e-02,4.381425628223775681e-02,4.920779964519556710e-02,4.461446016721141300e-02,4.915343099292216605e-02,4.908750111577663694e-02,4.534139542777618909e-02,4.389551335019611922e-02,4.527250664107843742e-02,4.328932091853084085e-02,4.958339203429191350e-02,4.089107069695314955e-02,4.671521428613928384e-02,4.535787881071732391e-02,4.263319768980717434e-02,4.547668189596362764e-02,4.424791996309397624e-02,4.344393420971559561e-02,4.928617073110288377e-02,5.090029628358831715e-02,4.445582121630314160e-02
2.084404236587245399e-02,2.207030097028660209e-02,2.093936013880765348e-02,1.812193258703734960e-02,2.177422952508304213e-02,1.675135949978022454e-02,1.853922626871384524e-02,2.057909473669139455e-01,1.789750564950441311e-02,1.894842569769742205e-02,2.178909750551669688e-01,2.139415293281170527e-01,1.797286349819081364e-02,1.994471630319451239e-02,1.952422436732571126e-02,1.929117107974110887e-02,1.657595734771042523e-02,1.683773032553073992e-02,2.086426954419995372e-02,1.762723083624816167e-02,1.786079063596360261e-02,1.999121160891434087e-02
9.367715803534135480e-03,1.064542725824899408e-02,9.199359990429581066e-03,9.415791835886047623e-03,1.180902915842610007e-01,1.279640305766313879e-01,1.058239786224090921e-02,1.175707271558602274e-01,9.524292429537188978e-03,1.086763424700737737e-02,1.120071607588804530e-02,2.301297302957344693e-01,1.044149729060306862e-02,1.184134271942351296e-01,1.159123407791180609e-02,1.117475587272726868e-02,1.094870765629587725e-02,1.079390068942411192e-02,1.175165050740355627e-01,1.042343967894693302e-02,1.125292158786406205e-02,1.288549576269618253e-02
4.587789742067403809e-02,4.072022084643219658e-02,4.326326540812523713e-02,5.215038957978191531e-02,4.763253192114709489e-02,4.833084773613920138e-02,4.124142684222819460e-02,3.778108564548065401e-02,5.326717691644097114e-02,4.313735931196681361e-02,4.747892363744782990e-02,4.893814955589295690e-02,4.307307299988333282e-02,4.617387199034849593e-02,4.412789302028819610e-02,4.617400722165827115e-02,5.326193524928757306e-02,4.295426678260349379e-02,4.180055417061890460e-02,4.238736738408017957e-02,4.769252259977212194e-02,4.253523375970227199e-02
6.540159083678955508e-03,5.369398504346071903e-03,5.699778614858783642e-03,5.677049759075843832e-03,5.448623855836070944e-03,5.049153570602739338e-03,6.362081358442235601e-02,5.873000128948915530e-03,6.115436777029687604e-02,6.081040959513167588e-02,1.145371067895557537e-01,2.225100525559687015e-01,6.100743158181810150e-03,5.139001421691302349e-03,5.541886261530190941e-03,6.074189908567272089e-02,5.312499308875279561e-03,5.683545422464764477e-03,1.707464564836551901e-01,1.669622691537917258e-01,5.952721125635992289e-03,5.529064765778271724e-03
1.868634563571612561e-01,1.715747085295282748e-02,1.662602811952319792e-02,1.818099287904815717e-02,1.593695705594613474e-02,1.591039482550155384e-02,1.755959213466314756e-02,3.291390997045900435e-01,1.529770401446007080e-02,1.740032658204931915e-01,1.632902640878582459e-02,1.531983463680145277e-02,1.774463169733182799e-02,1.747042673418858563e-02,1.595894935894123789e-02,1.774470074777520848e-02,1.365622626903076342e-02,1.575446001955100803e-02,1.418304157241681053e-02,1.528227393622844967e-02,1.772090275467202297e-02,1.616056409993710599e-02
8.908875222700886332e-02,8.639390055322580114e-03,8.870967563522224111e-03,9.885519812285668145e-03,7.742677069252990388e-03,8.598538177383305281e-03,7.950647200156228320e-03,8.277338629485741714e-03,8.706997442933728931e-03,9.274252896968700893e-03,1.709896938321605886e-01,2.552422299512537851e-01,8.356666072258484360e-03,8.226955499491997448e-03,1.754842717721684653e-01,8.165852542613203854e-03,1.685574699956276234e-01,8.187938163571609890e-03,6.953265621425713978e-03,7.807458280233024912e-03,6.657789749619016061e-03,8.335327445255924159e-03
1.346985866621684333e-02,1.236267940935795520e-02,1.246353230300829319e-02,1.197927101244624509e-02,2.625459276456196811e-01,2.413393204039554485e-01,1.359755105025286896e-02,1.305109185244849104e-02,1.052071234225546506e-02,1.131284634905056763e-02,1.040626976413523870e-02,1.261355725779832876e-02,1.160132929651023180e-02,1.218274063328203365e-02,1.045806956615492021e-02,1.299790355792557021e-02,1.377130820792111521e-01,1.370589996786235332e-01,1.470419359901335710e-02,1.474046503834231144e-02,1.073076609440344782e-02,1.214983239998799688e-02
1.505310649553572577e-01,1.531248244743075963e-02,1.355721323432468491e-02,1.315394500550841166e-02,1.463218997789492715e-01,1.524648423286495413e-01,1.514655785049311663e-02,1.292401024760472805e-02,1.313440034623034047e-02,1.492704676722648831e-02,1.552135942333274406e-02,1.218469270080647926e-02,2.977182098948170652e-01,1.339737355773027057e-02,1.322476857651738030e-02,1.242779804354874479e-02,1.477425835938924598e-02,1.533879835693311398e-02,1.395973528685868527e-02,1.491307238324552850e-02,1.452096644933745587e-02,1.454550400570923073e-02
