image: /home/akira/Dropbox/SpCoSLAM/data/alg2wicWSLAG10lln008/map/map342.pgm
resolution: 0.050000
origin: [-30.000000, -20.000000, 0.000000]
negate: 0
occupied_thresh: 0.65
free_thresh: 0.196

