9.271407113922940091e-02,8.537598092868593433e-03,7.320141929180614022e-03,1.011661058677662262e-01,7.398157701501200702e-03,9.275762411867014348e-03,9.878315817773451746e-03,3.718985035714850729e-01,8.655215947221819167e-03,9.562760394879928072e-02,9.938935816265756507e-02,9.898267325883705614e-02,9.679667494608279119e-03,8.251040014998486244e-03,7.642886711879080634e-03,1.053400473118646860e-02,1.077464201922237290e-02,9.180100453626877446e-03,8.668002590829686563e-03,8.056002026909871508e-03,8.356131943830565068e-03,8.014014163721515371e-03
2.455124672269207858e-02,2.730427195631112205e-02,2.590114102074927427e-01,2.418273668481932606e-02,2.467977804903061234e-02,2.314162692610657185e-02,2.608667963265097825e-02,2.576126624925486053e-01,2.206173551019357734e-02,2.283235661304680933e-02,2.684298980987079655e-02,2.506915800516573700e-02,2.349274622715240290e-02,2.319329918086353304e-02,2.438521061706666951e-02,2.332545462741887968e-02,2.543763139772872717e-02,2.403890368306398073e-02,2.470538563111684613e-02,2.029684270281490593e-02,2.489951344181356649e-02,2.284835988103182253e-02
4.550139653125419292e-02,4.772178348869496843e-03,9.220308091304725562e-02,4.794846398175346691e-02,4.091257791040300157e-03,4.579262838315396010e-03,9.048789656783118307e-02,4.157207795780784587e-03,1.302586726961491581e-01,4.630067772573893611e-03,4.804583266100054956e-02,8.913002233354835879e-02,4.939674076006860329e-03,4.674733768712388549e-02,1.731421635705757689e-01,4.560162249094962088e-03,1.822991178086302566e-01,5.316204336603021219e-03,5.159099094389332611e-03,4.102484044387696635e-03,4.305307039861590995e-03,3.623109862162801013e-03
7.826511608984733706e-03,8.003484020365148749e-03,7.538503695314393085e-03,7.527782584702390027e-03,1.627284013895533010e-01,1.608117415755700164e-01,8.273173564944948100e-02,2.308245427539288019e-01,1.602594855742872915e-01,7.236225593882495907e-03,8.062041594149476839e-03,6.927157976126359189e-03,7.681579137339081091e-03,7.656892732587537720e-03,6.609788875354091417e-03,6.058372963994146029e-03,6.637441995260703713e-03,6.332277147535154103e-03,7.417088213049057195e-03,8.492643834535272551e-02,7.766873573623649975e-03,8.435632999590375949e-03
4.452683071828889699e-02,4.494660142802435476e-02,4.959640912129009011e-02,5.067078437980941652e-02,5.045953348637561425e-02,4.618988186890558845e-02,4.514915648869778642e-02,4.489860701831599465e-02,3.958620845075099676e-02,3.902517903914645703e-02,4.134678941604879449e-02,4.524848145259213056e-02,5.113526263817989165e-02,4.882884641513485918e-02,4.125113883944913490e-02,4.925887120880426823e-02,4.430553932093855146e-02,4.486389550028000578e-02,4.861625105646774636e-02,3.995600066466315631e-02,4.249842381633950339e-02,4.764130767149645646e-02
1.209253346339175979e-02,1.258175751032550131e-02,1.011537500671431250e-02,1.378541871939733821e-01,1.270748004793218616e-02,1.188599870627705252e-02,1.139266049940139934e-02,1.020616567744173087e-02,1.408294116030656823e-02,1.318114421139537362e-01,1.308145633054069203e-02,1.322193479713117681e-01,3.856893794960953303e-01,1.228490509302275144e-02,1.238654457271387739e-02,1.212518209679678410e-02,1.087108043413275056e-02,1.143657694396648175e-02,1.219395734625586258e-02,1.088691316036425293e-02,1.049955162601194474e-02,1.159456354906923843e-02
2.338030111280668330e-02,2.163146759671705222e-02,2.500666770404932904e-02,2.226770797485454201e-02,2.433361704143009382e-02,2.437998469905211171e-02,2.790349946285615446e-02,2.282513372085316281e-02,2.712005117120231956e-01,2.080844523436785332e-02,2.119769527700258657e-02,2.265803841773726679e-02,2.120872807548303263e-02,2.552848447004761948e-02,2.493367156440730315e-02,2.273876689536739187e-02,2.486137987118689288e-02,2.526498491936363458e-02,2.467550735001558873e-02,2.283718093624870563e-02,2.563884748302545091e-01,2.396975113387555395e-02
4.505748524342542000e-02,3.903143463940936947e-02,4.233090703518178205e-02,5.095798507839591901e-02,4.738649033453132958e-02,4.612938440252284389e-02,4.321724555144209473e-02,4.838825197147806484e-02,4.509279294462421178e-02,4.275851342995853899e-02,4.375375900127677353e-02,4.139890309362847381e-02,4.235409059979938773e-02,5.040686095106725051e-02,4.348157108938206783e-02,4.387010242247143393e-02,5.149390981826898472e-02,4.548042827703614038e-02,4.697827462840828416e-02,4.724582172539364827e-02,4.331813237590068782e-02,4.986765538639715417e-02
6.051825244363101194e-03,5.144798847071572513e-03,6.206676354179910260e-02,5.666345725027823084e-03,5.713056417414687227e-03,6.670214762362335417e-03,5.076336477414738688e-03,6.039595053350210047e-02,6.404994946567632574e-02,6.588303462086669837e-02,6.371310570552576880e-02,2.358841419329718025e-01,6.516023476628868445e-03,6.458668891842533899e-02,5.554405766785651573e-03,6.753078030955822486e-02,6.222356798660547486e-03,5.923738962212996353e-03,6.707900873066012862e-03,6.238858715777615901e-03,5.425160560619672265e-03,2.389785623442688689e-01
6.450773371171819766e-03,7.936037827163691660e-03,6.999534135145055701e-03,7.006564951882862310e-03,2.810481112830557904e-01,2.918983152238598944e-01,7.322243137279699741e-03,7.915661123113789180e-03,6.375872189973982168e-03,6.947826804419778880e-03,8.604468601316859686e-03,6.188254454091976497e-03,6.783260567470549875e-03,6.989055774759242098e-03,7.110165155191495827e-03,7.994407492124634695e-03,8.210247727316975774e-02,7.694709906135251132e-02,7.702448029561062559e-02,6.608138080247463568e-03,7.721216225121059484e-02,6.535090946387990020e-03
4.596765611705088544e-03,6.313107480294652234e-03,5.316474224016140560e-03,5.414431403303346380e-03,6.505610919374220195e-03,5.920360865791429381e-03,6.329172388501452806e-02,6.479178668912606229e-03,6.113603772288920407e-02,6.274693351898930072e-02,1.177318688893612408e-01,2.244369106177667439e-01,5.413686864077438959e-03,4.843616261415697490e-03,5.769054148821516764e-03,5.893768129541657186e-02,4.876875291258075083e-03,5.026937441118296823e-03,1.694985466289715970e-01,1.651328241963100074e-01,5.544237728300052681e-03,5.067136336891748735e-03
4.395381947649949078e-02,4.253445870903862364e-02,4.288697239511196635e-02,4.940908139239548469e-02,4.747965241172216744e-02,4.195256787199479198e-02,4.835702562453105674e-02,4.584986337669016282e-02,4.343543089939205792e-02,3.840382487933997196e-02,4.992103162630335406e-02,4.442176133401284921e-02,4.681436255074718222e-02,4.056695642120880518e-02,4.229907832290986242e-02,4.476319362962474790e-02,5.546506380949529219e-02,5.072002211086234363e-02,4.055183412579004693e-02,4.513760870646760237e-02,4.731380181581262140e-02,4.776258851004904632e-02
1.559422754432504277e-01,1.410322009945785306e-02,1.278618260896371810e-02,1.594197557924053807e-02,1.589667612025184029e-01,1.508845950262652502e-01,1.341507142288796486e-02,1.465707730901234622e-02,1.240157429515507947e-02,1.386076690995498989e-02,1.308820010160317154e-02,1.434071511008259796e-02,2.864475240659188904e-01,1.599684767983262229e-02,1.250716865433491864e-02,1.419509123424840362e-02,1.464559663946644538e-02,1.443513682417367147e-02,1.300695706505681191e-02,1.330363000693990903e-02,1.166291078360730260e-02,1.341072193802863091e-02
2.443962206534913001e-02,2.333565420703543475e-02,2.172951540403605594e-02,2.381684825435359532e-02,2.797150257124381145e-02,2.477818736116256526e-02,2.555428562274253412e-02,2.548766138324057295e-02,2.538366512666819647e-02,2.405817060887966569e-02,2.304499698330033861e-02,2.621959443501380438e-01,2.386861552921285337e-02,2.290381407228871471e-02,2.209531713865896252e-02,2.267376663304009055e-02,1.871945365934054792e-02,2.142139387162004735e-02,2.120118986354176116e-02,2.208603313629486919e-02,2.182035196338899183e-02,2.714140101944627070e-01
8.211263136279374833e-03,9.272732954300953040e-03,1.031670828546481233e-01,9.738559427573265787e-03,8.540606888615000225e-03,8.186532397336488201e-03,9.962822804230424267e-02,9.343971865353862746e-03,1.859311074378881545e-01,9.610640890921161306e-02,1.026189322193860574e-02,9.473089864556994213e-03,7.841593849596321247e-03,9.343316551362388853e-03,8.327185299195684690e-03,9.929414841900938843e-03,9.253332490702955229e-03,3.618505974641093026e-01,7.906604015966668328e-03,9.849139061141320983e-03,8.878196423616651831e-03,8.959143002400356964e-03
5.265645475137807618e-02,4.445945903154750745e-02,4.113505273553423602e-02,4.406226351334950608e-02,4.470927632277270358e-02,4.142646167427369713e-02,4.664970353302761580e-02,4.616882401057862545e-02,4.394668955125640569e-02,4.733645686534956182e-02,4.928951458315808387e-02,4.310264902314606128e-02,4.394354802312424452e-02,4.922554847021418795e-02,4.402540199097682710e-02,4.696735251362577079e-02,4.116210380971117161e-02,4.554000217991211602e-02,4.575197901225250968e-02,4.904652525391113571e-02,4.312536803270121399e-02,4.626936511819865899e-02
4.215578466322209700e-02,4.672451573614590237e-02,4.632934379488069104e-02,4.390094795297896230e-02,5.521901507768761652e-02,4.056884717493427356e-02,4.481846786339194200e-02,4.570616931603231625e-02,4.469134959696487858e-02,4.148276872543551347e-02,4.516523251894194457e-02,4.662162436184089792e-02,5.011561457311002055e-02,4.620855844567350879e-02,3.956498811888083111e-02,4.749626403041719985e-02,4.649979883165200611e-02,4.521703591732087468e-02,4.614257846347857156e-02,4.424167219049150723e-02,4.184753571808982192e-02,4.928188692842890017e-02
1.765984575649103827e-01,1.599446269054806760e-02,1.772904845869975946e-02,1.741584247160787857e-01,1.757742445016066343e-02,1.442039888399514712e-02,1.554072839856851171e-02,1.384200298729468433e-02,1.767385162268340568e-02,1.529318021606538604e-02,1.508390457120044846e-02,1.547857013538385569e-02,1.569556448365996143e-02,1.438884170487443256e-02,1.394992518652437945e-02,1.697990542632953070e-02,1.633897971755730524e-02,1.529754425040475221e-02,1.426760120987575695e-02,1.430200249268282972e-02,3.506409251223667756e-01,1.874825571013516781e-02
4.481280222285107667e-02,2.395859242935917659e-03,4.489746137149495941e-02,4.547620771370779885e-02,4.578899863177893215e-02,4.585389896339569366e-02,2.279764450877685283e-02,1.976644847957325507e-03,6.884078588809362798e-02,2.427477425568488542e-02,6.517711369256283527e-02,1.517332403790357942e-01,2.521928558986065872e-03,3.045440103270610765e-01,9.163483927603535695e-02,2.415255252809394779e-02,2.206573192194395249e-03,2.247142048438561471e-03,2.218936125711984571e-03,2.082865188511616190e-03,2.067152180631308140e-03,2.298568856059772948e-03
8.360049733319617482e-02,3.901218836203947937e-01,8.361618794145564415e-02,8.288444542698863993e-02,8.244092549332607267e-02,8.175514295077576654e-02,7.088168083125010073e-03,7.042613367210662570e-03,7.106578251550371358e-03,6.080458568835261403e-03,7.617185748329406529e-03,8.380225131373615632e-02,7.561683589301473538e-03,7.344151332853193943e-03,7.302525112496285539e-03,7.077593749574184051e-03,8.191279552212252582e-03,7.297158786074135241e-03,7.454141096019752978e-03,7.932191166734312016e-03,8.348622357793569065e-03,8.334315158016854935e-03
