1.261416246457591935e-02,7.717636291709567553e-01,1.029110249567120709e-02,1.118130339233607343e-02,1.178790583758862996e-02,9.854635851309323860e-03,1.060882989705035605e-02,1.149860794716707317e-02,1.172544541667186295e-02,1.300807487989034950e-02,1.236581773668380888e-02,9.966535349842242306e-03,1.210588876147372650e-02,1.277226504686277200e-02,1.188394500910365005e-02,1.212476169367726099e-02,1.178327878030028045e-02,1.551460002048921268e-02,1.361726766742195165e-02,1.353194258092801396e-02
1.201095389084282442e-02,9.558349733603513712e-03,1.113767921113411295e-02,8.923090280387785747e-03,9.611699120717529313e-03,9.682051762411292631e-03,1.117775946590764818e-02,9.809177391462595499e-03,9.659982896581448958e-03,9.958481146281190216e-03,1.140788830844956768e-02,8.234518427070606009e-03,9.863564536108440639e-03,7.488988990217078714e-03,1.102473314987725654e-02,7.523927201961239965e-03,8.093000429067847001e-01,1.115769477100706647e-02,1.198769013512383276e-02,1.048172667407048717e-02
6.602775129951660507e-03,8.417725098359205571e-01,1.017071173676733879e-02,8.566313239767866031e-03,8.715436769941478645e-03,8.484403808142091177e-03,8.238518600545453874e-03,7.443248576057758317e-03,8.441421697684801592e-03,8.101845583000822845e-03,6.996425238464806622e-03,7.642948616872182778e-03,6.698159606165312793e-03,8.330675795333190858e-03,1.075007215621587298e-02,8.901462674423141208e-03,8.460242726716383013e-03,7.824541687690545963e-03,7.446265579228374121e-03,1.041202094111039721e-02
9.350473068909448404e-01,3.454075471503279156e-03,3.278994860417896139e-03,2.945911514940554449e-03,2.325765802552870552e-03,3.528804911235007558e-03,3.435645206737765987e-03,3.490575031144851990e-03,3.747363047886210705e-03,3.825429521590871604e-03,4.004904544957171506e-03,2.823008187595358199e-03,2.887676187518615264e-03,3.144632007427371288e-03,4.415000446665118608e-03,2.889930066640244728e-03,4.008102002994509520e-03,4.167657357025870632e-03,3.022604322258211351e-03,3.556612617963492238e-03
5.211509453760594657e-02,4.406959788065237249e-02,4.736734359693185042e-02,5.109716276611076663e-02,6.255509998505463798e-02,3.972922390588690816e-02,4.906997174960878172e-02,5.480167168153513013e-02,4.597139497875153691e-02,4.817163014153234835e-02,5.682748741020498401e-02,4.363958816957917708e-02,5.266475286883050277e-02,5.290961154025324714e-02,4.747299475403138347e-02,4.881586409998861509e-02,5.624115547199966259e-02,5.320765709236272012e-02,4.900914099661547035e-02,4.426355637246379149e-02
6.490966986816465445e-02,4.890353170850521985e-02,5.593147265295202175e-02,4.018266915196073985e-02,4.764128469128262044e-02,4.335694613014971083e-02,4.843293220524791387e-02,4.146648429552360349e-02,4.964265495556498264e-02,5.397078664475551263e-02,5.106029419729044005e-02,5.020146770374689371e-02,4.762888126007799872e-02,5.619237695654587250e-02,5.442529419178220029e-02,4.846792514087461951e-02,5.023036230478324787e-02,5.403837471588524011e-02,4.294888311923403257e-02,5.036770810567259976e-02
1.029342997636930809e-02,9.195384509552694333e-03,1.285341508731262065e-02,1.001275902627595145e-02,1.076020407776956921e-02,2.152403451022716907e-01,8.228973645854516239e-03,1.144160197529505568e-02,9.701946899383785683e-03,1.016676486004571694e-02,8.743302761001024020e-03,6.818655913778928247e-03,1.073312963599499376e-02,9.379868928627735011e-03,8.159383539081153935e-03,9.578876099301195796e-03,1.041454686528406857e-02,9.690796973256787447e-03,6.091877642105868462e-01,9.398849912955609467e-03
1.223865911121880569e-02,1.281227488962501451e-02,1.176137323419843006e-02,1.385441569411737829e-02,1.035075544422943243e-02,2.680094065282900284e-01,1.164925639719891978e-02,1.184255269282167081e-02,1.306777053456118290e-02,1.149417290060311680e-02,1.211795705866091678e-02,1.256452984140549352e-02,1.412988034696657617e-02,8.887129118321264801e-03,1.155790668576390373e-02,1.218297162383928135e-02,9.406515454204168042e-03,5.177102527472158267e-01,1.194230056650411216e-02,1.241991913025425852e-02
1.238539328638940673e-02,1.582131673352445145e-02,1.273885275105308447e-02,1.489035757181276717e-02,1.130494497175977935e-02,1.248239529496089108e-02,1.284723409416349896e-02,7.526696399939404314e-01,1.488459977951711415e-02,1.245239015194660008e-02,1.188565739470497096e-02,1.470060334232287970e-02,1.484373035307378665e-02,1.331474105209297550e-02,1.092125040341176447e-02,1.446917394179327021e-02,1.130639438025557268e-02,1.153913078709797348e-02,1.285097132209363571e-02,1.169122239408472430e-02
7.791102990144065966e-03,7.268031429713943566e-03,9.520056748749903056e-03,7.589664627915142930e-03,1.024546473111683821e-02,5.136944179381629505e-01,8.827105490593749673e-03,1.016318649586822262e-02,8.262547508176922711e-03,6.914699192540931828e-03,7.156841761421194048e-03,7.712179668696224691e-03,7.896263995692825652e-03,8.443345497381456871e-03,8.152573008589245399e-03,6.782053968563978713e-03,1.691466025711045595e-01,1.777778303318399700e-01,8.852602096129239331e-03,7.803429947598929627e-03
2.488055439743892816e-02,1.953380730248442318e-02,2.454408799134642424e-02,2.628938058059189509e-02,2.582312621047001128e-02,2.393953909189378004e-02,2.028657584629402558e-02,5.330769600827522936e-01,2.844571787917953357e-02,1.974749421613916298e-02,2.352306960576282593e-02,2.589212572197255313e-02,2.787684219797982935e-02,2.509094395603907873e-02,2.588287293620031293e-02,2.728492327425606143e-02,2.331602233073690536e-02,2.677673320087048045e-02,2.262750163132511497e-02,2.516172154626528101e-02
1.008031398595073819e-02,2.564463386078567608e-01,1.177611248305758355e-02,1.078671410912516830e-02,1.623415118564626100e-02,1.234869717627543745e-02,1.299519842107279589e-02,1.081958597225602878e-02,1.153963657519655427e-02,1.386751587830905089e-02,1.302484895011837319e-02,1.228849822655829309e-02,1.175981091730639999e-02,1.253849717387837438e-02,1.155816971974262322e-02,1.348413908597999485e-02,1.061060050574917646e-02,1.315812391566434716e-02,5.222988009187944369e-01,1.238424619146212026e-02
1.890611722932691863e-02,1.826986158139715793e-02,1.688093819564021048e-02,1.684408990275334736e-02,1.645401421758536237e-02,6.916899215990665040e-01,1.584436814295487120e-02,1.554392278114792580e-02,1.345249595707575900e-02,1.473385411937604486e-02,1.502359970618020492e-02,1.855191582324450250e-02,1.426226197858318674e-02,1.823322084185133307e-02,1.784884600109523656e-02,1.618999000102177080e-02,1.487435465992533075e-02,1.671473843883171037e-02,1.308849870170819031e-02,1.659299012123468045e-02
9.863522325944831456e-03,8.863090866337419022e-03,1.056576466206690657e-02,9.718305412976678895e-03,1.012523819174911480e-02,8.672842110091016216e-03,1.158464920290448036e-02,8.481321913227278519e-03,8.647339697487228111e-03,9.432692036122925297e-03,1.095653217912196872e-02,9.459381177826920936e-03,8.233620051868072859e-03,1.010137947957537828e-02,1.041098927022396717e-02,9.725637460764352538e-03,1.023209082977410284e-02,8.120307598344406186e-01,1.184156710129947825e-02,1.105327619619737509e-02
9.074667169166576383e-03,8.640297375582067091e-03,8.938864706142348945e-03,7.867464934093879730e-03,6.688473959457656021e-03,1.041994215836838933e-02,8.283402727889480066e-03,1.043113828515095966e-02,8.849144641457674931e-03,7.596549195548744048e-03,8.688620140960827409e-03,8.163829984931904316e-03,7.197167761248487831e-03,1.053797774121966943e-02,6.634117880632224400e-03,6.389272166590583002e-03,7.410323991703856965e-03,8.374484129347386716e-03,8.569824592247511641e-03,8.412444364582595258e-01
2.961102764069221266e-02,2.883388988605282977e-02,2.394223489476193442e-02,2.337042145910727536e-02,1.767494545158361519e-02,2.691064667208559191e-02,2.325503418131025929e-02,2.319274535220558139e-02,2.718677748520095458e-02,2.578961827080598901e-02,3.026528400576086394e-02,2.566804079622680632e-02,2.129390030443695930e-02,2.355252478969011021e-02,1.924978522707822270e-02,2.909643297809921467e-02,2.397887422989587736e-02,2.483527608758182015e-02,2.294975833329799403e-02,5.293427819541250967e-01
1.700384349905644313e-02,1.451140464062601089e-02,1.868183110152026039e-02,2.042435802525405936e-02,2.068816634206494670e-02,1.570826260651757289e-02,1.656464128594281604e-02,6.864103876203042631e-01,1.578821606558880250e-02,1.590339178997915437e-02,1.889037231026251609e-02,1.548092319180534651e-02,1.362098983256621737e-02,1.443485895836621111e-02,1.600788289155780086e-02,1.613032581223865225e-02,1.725258189448578353e-02,1.394780564079333915e-02,1.600339899775259783e-02,1.654635749331634376e-02
9.349374526884295447e-03,9.752692498192491039e-03,9.046402784262415689e-03,7.629561519967156986e-03,1.079378956546397927e-02,1.095340991906801169e-02,1.120666416000569432e-02,9.666663782219302170e-03,8.973393820235504165e-03,8.972981750238542831e-03,9.953781247238660188e-03,1.014368021293806689e-02,9.558969953463159613e-03,8.809846395407177136e-03,9.883432484530881718e-03,8.167455276233975825e-01,8.608029445276940000e-03,1.078917023216253643e-02,1.064591173785554498e-02,8.516716341191768111e-03
9.260796817606192777e-03,8.454373580768319990e-03,8.029808452322127060e-03,8.214748444833894561e-03,6.970173397572173614e-03,8.052676270820834439e-03,9.062626829705334661e-03,7.266291370751796694e-03,8.424329993633760116e-01,9.225940593946014082e-03,8.279521600025608816e-03,9.392211387668552777e-03,9.407439121428955511e-03,7.264836566646544133e-03,7.983754101300449824e-03,7.515868245039313694e-03,8.470222031314979597e-03,8.627522183630480929e-03,7.375973964266638837e-03,8.712215676975818002e-03
1.928441483873451212e-02,1.469797950448016068e-02,1.605926520177871492e-02,1.756957466771391987e-02,1.739740491786350915e-02,1.900617610333546134e-02,1.729469181089839450e-02,1.643882534931496303e-02,1.579028713171599929e-02,1.583920541641112290e-02,1.915377057845105147e-02,1.518651370647550701e-02,1.488270692786737050e-02,1.566823533456805639e-02,1.938646628657882467e-02,1.640808334661233298e-02,2.120000207853095855e-02,1.877943239865805664e-02,1.715856286497075694e-02,6.727984015350391145e-01
