2.710232517308551470e-02,2.435330218946473238e-03,5.019667306404407281e-02,4.990695941908508682e-02,5.073540690695681199e-02,4.952881455407071726e-02,2.507292068971635896e-02,2.806865992278636396e-03,7.827174704770459290e-02,2.685922923963224990e-02,5.092232922532945183e-02,1.493360441493541968e-01,2.546551720901739542e-03,3.412161506262158528e-01,5.111628000384182968e-02,2.741734273246645981e-02,2.582196034133445346e-03,2.494737385727212233e-03,2.307640444078763470e-03,2.647441817379977882e-03,2.368548177618265416e-03,2.128465377432901297e-03
6.774028632791606955e-03,6.583129924762674487e-03,6.334692537796188065e-03,5.891493064160185228e-03,2.844794482422163817e-01,2.866050862525718057e-01,6.869422723418977528e-03,7.815520674456245820e-02,7.545216302807939736e-03,7.733758161501329970e-03,7.852960526564261787e-03,6.548619439388211026e-03,7.113279782020250769e-03,7.346017888754102255e-03,6.513251588081810962e-03,6.620191501059156068e-03,7.295860753236114472e-03,5.611186874741427508e-03,7.902864581694976631e-02,8.167307726715927751e-02,7.991304784982644627e-02,7.512378125629061952e-03
1.181719712294390101e-01,1.064369366889449629e-02,1.169057966910058005e-02,1.224077849037973585e-02,1.234326702101767176e-01,1.200002420691339555e-01,1.041704751473242381e-02,1.202459306002852737e-02,1.050607841380351432e-02,1.218197400033369793e-01,1.179855976525700199e-02,1.039979283421263792e-02,3.281822939016968421e-01,1.027924011114247568e-02,1.081176872439692550e-02,1.223485653360719717e-02,1.086662033809196806e-02,1.069564999178109627e-02,1.162667107534556127e-02,1.158891653962589204e-02,1.086337644906668759e-02,9.704859406750679721e-03
4.339920777550716757e-02,5.114606830086857597e-02,4.836094264103388968e-02,4.633322575311264041e-02,4.548264874392139723e-02,4.179744636156774301e-02,4.264895962539947544e-02,4.055517980048799209e-02,4.183049904191645657e-02,5.041100310837128701e-02,4.345229900000850687e-02,4.663450556923385421e-02,4.263581045619295462e-02,4.762624477516781002e-02,5.250468759882304104e-02,4.858834137378718887e-02,4.195496150058620338e-02,4.373510782383197709e-02,4.187364322236873659e-02,4.802583286649243083e-02,4.870638378958721398e-02,4.229700087173327017e-02
1.244279273144981331e-02,1.481764677789096027e-02,1.241882065740307697e-02,1.364471828424651187e-02,1.404671623422818448e-02,1.270492038392559246e-02,1.517906725014420977e-01,2.977506555349747619e-01,2.905555953360008381e-01,1.739345196927297513e-02,1.235157759110024935e-02,1.395114454061008834e-02,1.340909124701233565e-02,1.349039923902123003e-02,1.479570093822349386e-02,1.176566894933222043e-02,1.414168510169033256e-02,1.246981646560915181e-02,1.628607715945007070e-02,1.332329761809722922e-02,1.304242231420414330e-02,1.340712842481388625e-02
1.778497299303340440e-01,1.595853060571845658e-02,1.498591604545942459e-02,1.800323403419741911e-02,1.385902534173953128e-02,1.540965967014835611e-02,1.674275928217532072e-02,3.412715707585627367e-01,1.534577331447110893e-02,1.759848987939573728e-01,1.622214027207904627e-02,1.680306245087598987e-02,1.469620519375030264e-02,1.476346600548050954e-02,1.605003919529154194e-02,1.777444096501810261e-02,1.753812993074573001e-02,1.604930760446197577e-02,1.326706057385563207e-02,1.472593316128027914e-02,1.711050547556999119e-02,1.958861139482691652e-02
2.539552797431268716e-01,2.672861913198426587e-02,2.561052844002230724e-02,2.290315467384094680e-02,2.204954867869575105e-02,2.504931717385994877e-02,2.569509559481578803e-02,2.443884764539196522e-02,2.348621154602948888e-02,2.409516487948479280e-02,2.659045260858000637e-02,2.327984026992192812e-02,2.504190868792165181e-02,2.562778959680047652e-01,2.158805304873558789e-02,1.923217772457538888e-02,2.524960252240921257e-02,2.518913709297327871e-02,2.642793186476973324e-02,2.371524770351526867e-02,2.435758527393330070e-02,2.903839972740724501e-02
1.439270530104754670e-02,1.489566667308165476e-02,1.489372409005378095e-02,1.392047027722491045e-02,1.339655932031020430e-02,1.349077268686100367e-02,1.357232180134172218e-02,1.478081989865297763e-01,1.345440379080963846e-02,1.338453378321931807e-02,1.504611479099401961e-01,3.012237472034725583e-01,1.586001769555665103e-02,1.479106197263254166e-02,1.475896356741897286e-02,1.213048727042660702e-02,1.189078414307898242e-02,1.281019595752807411e-02,1.477655057190155850e-02,1.516223868797466137e-02,1.221651384830075432e-02,1.507089344612890514e-01
4.447905551476239588e-02,4.553030187728936834e-02,3.867870015487557406e-02,4.973962837356907252e-02,4.164020699239834311e-02,4.605347561252841337e-02,4.686250805297909744e-02,5.156740546422046434e-02,4.461960030504185520e-02,5.079775207009021298e-02,4.805808922888783752e-02,4.173755367569200597e-02,4.209082138298315956e-02,4.832124648876694878e-02,4.340692519030763669e-02,4.561697446315798876e-02,3.848400428049057048e-02,4.429093875351917259e-02,4.260094089261703271e-02,5.041662230220128604e-02,4.893172261836580689e-02,4.607552630525552778e-02
3.644166001280527666e-03,3.863397199201859620e-03,8.803834535411293738e-02,4.517255543959900616e-02,4.672144791117054108e-02,4.503575248301760342e-02,8.711703509349895402e-02,3.807670166700538334e-03,1.276357633030231198e-01,3.993090366828594764e-03,4.301883325919505369e-02,8.988948793870840670e-02,3.905276220565937102e-03,4.299168072506021933e-03,1.717716783113690249e-01,3.754441379458085901e-03,2.090013568697784430e-01,3.867963633914369651e-03,3.868560272775312375e-03,3.900629718150662277e-03,3.592288505981625860e-03,4.101092499162847099e-03
5.492333005515457299e-03,5.422175193860929478e-03,5.324367611908930632e-03,4.296806240478254733e-03,4.826061882624545912e-03,6.218217546030287667e-03,6.283330626427020837e-02,5.899579206288473564e-03,5.902247728733421572e-02,6.145467538129546770e-02,1.140859629753958604e-01,2.295922449460541803e-01,6.478805336332447810e-03,5.832854926527557098e-03,5.769330868945763031e-03,5.993734838009584509e-02,5.371093497696275212e-03,5.408800363640172727e-03,1.688693176920065819e-01,1.670016744300955591e-01,5.550509218259559209e-03,5.312057745343963869e-03
8.570889164297873508e-02,3.806964136667334020e-01,8.191756699525060137e-02,8.030705779470866112e-02,8.269890652278909238e-02,8.338983411164466175e-02,7.109761617566487564e-03,7.902669654626102644e-03,8.858908503137960522e-03,7.515166285301429390e-03,8.556384501981244978e-03,8.800928308648449383e-02,7.195079319427984121e-03,9.159738436289187671e-03,7.631311390550608344e-03,6.362993793352799202e-03,8.023297123098065142e-03,9.340440913305807918e-03,6.778732662883209248e-03,7.955417907040162814e-03,7.294008114707462541e-03,7.588135956141253170e-03
2.477088297995672442e-02,2.284599719779493651e-02,2.892381797874368429e-02,2.359068496511579349e-02,2.496526439458227054e-02,2.310321673690397815e-02,2.329486504680754536e-02,2.381363821329719743e-02,2.281502633870921906e-02,1.977457367044312131e-02,2.373026303444832411e-02,2.602011330075081341e-01,2.775255793264402859e-02,2.642485586903908223e-01,2.261199316781154628e-02,2.105855011269375243e-02,2.619468861172065052e-02,2.180686608873683499e-02,2.414192267816607854e-02,2.483825709867132359e-02,2.372843397345151054e-02,2.178880808140299177e-02
7.075742761900431950e-03,7.265829922697696584e-03,7.688462359505837673e-02,6.713663728457896357e-03,7.615890737471016358e-02,7.714254404832188161e-02,7.481653632855131408e-02,7.497993621150085899e-03,1.555306024677854670e-01,7.683754095526232342e-02,5.630916687324658693e-03,7.553008933991807450e-03,8.431735073270364700e-03,6.609250162334416416e-03,6.936906563479401655e-03,8.132688568408987309e-03,6.602754876935750319e-03,3.571208652216262824e-01,5.881109836072238167e-03,6.297361150108446090e-03,7.938194575210813855e-03,6.941223547341904276e-03
4.352381357681103097e-02,4.329750222534587550e-02,5.064346976813049322e-02,4.372454431401319452e-02,4.638416887284754070e-02,4.262183833638058528e-02,3.879309860320596937e-02,5.196904693850272483e-02,4.110543209860507974e-02,4.492460888519727441e-02,5.144362244201081819e-02,4.852357748059012155e-02,4.051301317418649212e-02,4.558214161332369008e-02,5.236250898664339404e-02,4.315505907674301034e-02,4.590648499483696715e-02,4.286627544782562610e-02,4.412740271866240349e-02,4.175289489065339699e-02,5.075955116748212537e-02,4.601994438800231790e-02
1.540498874127761986e-01,1.472275121343965751e-02,1.239109953385728567e-02,1.398179410300865594e-02,1.389708230489510379e-02,1.578918413408712459e-02,1.417001687853311660e-02,1.514110764603205164e-02,1.384296579319979799e-02,1.260660825096368565e-02,1.570171628945955244e-01,1.463131938873979132e-01,1.475155132915736619e-02,1.623745886838607461e-02,2.901497394998723833e-01,1.404093124921705106e-02,1.269295228558155186e-02,1.249086275811988819e-02,1.305191337079213837e-02,1.507516046916536172e-02,1.388406983865088200e-02,1.370250627827122175e-02
8.652785259225895600e-03,6.981527773145129907e-03,8.233275943794089724e-03,9.068008838821223216e-03,8.011293621221347860e-03,6.921521240020624827e-03,9.558990387261117119e-03,9.169387491758872188e-02,9.459859777510425116e-03,8.941813745935078828e-02,8.943663967514134394e-02,2.537200900527296077e-01,8.917065985568564321e-03,7.531092119027888755e-03,7.833672656573621718e-03,8.725495253548246066e-02,7.960462120564684718e-03,8.965343938386393513e-03,7.600799869275400890e-03,8.548067380289200642e-03,7.789318172514899004e-03,2.564432202765064561e-01
9.886130971251531896e-02,1.027051098902897683e-02,9.748099268828949726e-02,9.951427661350017995e-02,8.899148787462845753e-03,9.603220015989370403e-03,9.909087356064114407e-03,9.709782518097512943e-03,1.875201628284635935e-01,9.514405379063806470e-03,1.027186191521956005e-02,8.077811407858671161e-03,7.390789168213104075e-03,9.206157133280285648e-03,9.411885056370047561e-03,8.560337021463916909e-03,8.601074517244207754e-03,8.313266981863307384e-03,9.610413762207888760e-03,7.622965185383052435e-03,2.745026274171731839e-01,9.714791354524826561e-02
1.574432116363061809e-02,1.669510320791056657e-02,1.556930128884166306e-02,1.726813136343302024e-01,1.333300248442314054e-02,1.518872444947343137e-02,1.664157508672839056e-02,1.522012022378048737e-02,1.641350375922556379e-02,1.424460060614272765e-02,1.592552653564883666e-02,1.761663566182319618e-01,3.439405591926998351e-01,1.717808967415508994e-02,1.736389978166153619e-02,1.571785061849877152e-02,1.730008592205478646e-02,1.612008079219095363e-02,1.807359447002599220e-02,1.584907934743266106e-02,1.847671211825583498e-02,1.615659902465672870e-02
1.666298001070575657e-02,1.675865979888120638e-02,1.839451144977008179e-01,1.693466278876042119e-01,1.492939358656480975e-02,1.555289537157838499e-02,1.565319940365317991e-02,3.366407777818596347e-01,1.512341089212205017e-02,1.693558453561306784e-02,1.728626967876553677e-02,1.515966898434247673e-02,1.780754483820711984e-02,1.402919041161161152e-02,1.467989719859932179e-02,1.660550266485398552e-02,1.853610733966390076e-02,2.082150682088135946e-02,1.470264276948342504e-02,1.581497488734857210e-02,1.654935314695441667e-02,1.645869749300560986e-02
