4.177198794477658406e-01,3.152766562193416808e-03,2.599596820051844163e-03,3.103226388820384471e-03,3.205965415332686069e-03,2.388438078430462751e-03,3.162030191781411634e-03,3.557099871078535456e-03,2.616913849368568325e-03,3.322330581367269938e-03,3.597701252388814733e-03,3.440894365160597837e-03,2.966462301064643706e-03,5.273208857309991116e-01,2.935875703273577945e-03,3.144786184325690237e-03,2.936857967153760039e-03,3.285350141009489057e-03,3.337344318584726643e-03,2.205594829849555783e-03
5.416554586252018792e-03,6.489275400578228652e-03,3.988397384176915403e-03,5.679001837636842194e-03,5.603245385398213096e-03,6.122998208078083565e-03,4.338407959122846103e-03,5.477852065777111257e-03,6.917696890737476054e-03,4.531739294305787702e-01,5.651498416479658511e-03,4.439132073154924418e-01,6.001975609249522899e-03,4.585925745482236082e-03,5.460943782875072282e-03,5.825145513918064677e-03,7.222908303905457329e-03,6.388145402391386292e-03,5.468091099298400676e-03,6.274799662570193330e-03
8.963434303849764084e-03,8.316958494813968608e-03,7.671346044140517524e-03,8.337166643280347414e-03,8.758783512186937847e-03,1.007156034511688669e-02,1.026859071212420441e-02,7.972591727363037215e-03,8.459913972192755205e-01,7.014044153703105459e-03,7.339826940346785497e-03,9.193901439608525780e-03,7.252604093729063742e-03,8.195368423586604778e-03,7.552027325503771725e-03,7.394992770991319804e-03,9.096750554998155741e-03,6.529755931788675666e-03,6.682762975342454448e-03,7.396136388249637504e-03
2.871284289505384932e-02,2.543459059675543671e-02,2.544080740425845588e-02,2.077088411542868732e-02,2.191401501952273609e-02,2.790733470281216502e-02,2.291814513803211786e-02,2.427800159671160418e-02,5.240013381458349384e-01,2.263465578596723926e-02,2.273762425903923939e-02,2.581553718279985810e-02,2.466235573993882935e-02,3.266382798288906819e-02,2.466170970392805861e-02,2.473591216501269674e-02,2.640628986653179369e-02,2.647402113271116186e-02,2.381314949045858567e-02,2.401695707631299956e-02
9.388543188735961817e-03,7.696351966152570855e-03,9.314888599509411199e-03,9.268329689094318563e-03,8.460690964359630639e-01,7.152484099737025681e-03,5.739390248424005789e-03,6.946105185675439594e-03,9.657508932969278634e-03,8.613940095287118959e-03,8.883515388190972237e-03,8.636551471240804315e-03,6.304395105067592611e-03,7.544756425585085954e-03,8.330388478123227844e-03,8.358895439971003941e-03,1.030571308947137582e-02,6.886456640578490426e-03,7.644021314507701975e-03,7.258668205716131000e-03
1.400067039470159931e-02,1.967993808165549585e-02,1.744248998886360411e-02,6.815401465147787885e-01,1.521943006988979441e-02,1.921945799735178678e-02,1.508533747419475539e-02,1.633252828704204879e-02,1.786784448234964018e-02,1.699512861911971900e-02,1.475925562400149001e-02,1.798283629977983494e-02,1.647761189357287159e-02,1.420483077343222961e-02,1.835390902359499907e-02,1.793637972928170329e-02,1.895727153215619187e-02,1.479302353977133069e-02,1.907917991149021483e-02,1.407272976297173003e-02
1.191671570125717866e-02,1.507828398704208830e-02,1.442272953752459300e-02,5.006065799357578561e-01,1.193281682607475608e-02,1.488696433171805139e-02,1.510220777300421043e-02,1.057199924201472629e-02,1.287047379758290977e-02,1.147247718433920365e-02,1.296549362419142579e-02,1.072433431953961729e-02,1.441874302701672515e-02,1.307046195885154007e-02,2.673140381453579240e-01,1.478452335306025371e-02,1.325967555347304198e-02,1.038478334009441083e-02,1.364819850131942028e-02,1.056849986077974639e-02
1.384122352863563152e-02,1.194968463791121552e-02,6.883054025197686832e-01,2.182333689092857965e-02,1.330944893807970916e-02,1.691593119300026024e-02,1.572062106103497281e-02,1.454338345747345669e-02,1.487119549356438752e-02,1.663942988986157751e-02,1.699459111443638037e-02,1.446760557499460545e-02,1.872080511034914657e-02,1.600310141122171861e-02,2.328185737693768895e-02,1.382661042574079638e-02,1.602771036774392963e-02,1.759840980096416888e-02,1.495643678683266330e-02,2.020321442051961972e-02
2.656323167012483027e-02,2.314063371291472104e-02,3.085564534865327391e-02,2.542112418866644685e-02,2.173759783663844689e-02,2.600118319293028696e-02,2.879742956170990020e-02,2.516318080568565041e-02,5.243781995645653282e-01,2.241313306073493619e-02,2.611486570937204127e-02,2.084775389074387808e-02,2.212825946854448875e-02,2.582444582434959696e-02,2.214601007308138192e-02,2.763654043796988369e-02,2.787282571736829362e-02,2.374977924407539395e-02,2.471315817219616948e-02,2.449500251967431236e-02
9.612832673763480745e-03,5.883009123291496612e-03,5.061509389163176831e-01,7.968869741390603376e-03,1.099665025774609894e-02,7.655243314570783428e-03,6.725092994226982215e-03,1.003742334215121899e-02,3.431775513988043480e-01,9.503815219914111753e-03,8.370240475194135055e-03,5.458826777374431276e-03,8.838099120956408386e-03,7.912628854945532447e-03,8.967721713809630874e-03,9.614792749037042938e-03,7.831074222620399913e-03,8.854274830327964890e-03,8.069143457329222210e-03,8.371770816228982573e-03
1.641169326415762089e-02,1.524536720404573963e-02,1.825629757091472988e-02,1.496049825110305417e-02,1.969062021939764831e-02,1.586143732105292636e-02,1.736163278222995973e-02,1.821277279686856279e-02,2.113231010909067537e-02,1.858394484504109073e-02,1.726846155951618569e-02,1.811639436500017339e-02,1.650403776910875850e-02,6.746543642500565374e-01,1.952184047332584244e-02,1.772739944913995919e-02,1.581244485103162553e-02,1.484929141816094221e-02,1.406295583457283296e-02,1.576623566618462480e-02
1.522025623179402640e-02,1.262463124031109468e-02,9.972303499322250284e-03,1.106875067607125847e-02,1.445106386787844630e-02,1.316645840303402870e-02,1.046299785831463283e-02,1.145902881264317628e-02,1.312603955469629317e-02,1.132890965508386028e-02,1.404982433624824868e-02,1.030780848569315573e-02,1.138210217448087057e-02,1.447481014930423852e-02,1.507382930052624491e-02,1.101631820800583542e-02,1.518586298701491387e-02,1.373908893167972642e-02,1.088933524623956692e-02,7.610005803816582981e-01
6.628679059611336001e-03,8.027333142028634724e-03,9.298416687016919369e-03,6.871582150310118729e-03,1.075943610545301854e-02,6.139463714235531347e-03,8.194884763688157353e-03,8.517538080399587874e-03,6.845211405449600460e-03,8.472784681387334205e-01,7.272105014780921341e-03,9.122025519215846284e-03,7.254933645654033578e-03,1.060131302760821889e-02,8.066539432060520348e-03,8.474965662017009890e-03,8.151105490993328095e-03,8.473317519579061374e-03,6.358741501515836024e-03,7.663939939647704952e-03
6.747033244396226648e-01,1.436211719272560000e-02,1.921201478316569497e-02,2.391827117386496546e-02,1.583496153431957973e-02,1.469136593885623891e-02,1.661885248107334082e-02,1.452264064938528845e-02,1.625418573903441438e-02,1.594146382468468459e-02,1.845302413247785003e-02,1.917290305733011790e-02,2.054984646193815448e-02,1.931744906789041941e-02,1.507584536958938085e-02,1.526746095903574497e-02,1.476922487772418593e-02,1.879093564214751391e-02,1.790235133224618580e-02,1.464176134288784452e-02
1.453835645921530348e-02,1.734407229532905492e-02,1.638520734679448088e-02,1.940963675758828819e-02,1.535138168071549861e-02,1.877489834688303438e-02,1.518273802046724019e-02,1.512060317024547726e-02,1.520441345258707194e-02,1.867916590202288105e-02,1.200595068515293053e-02,1.699265483115510247e-02,6.875180060924194203e-01,1.934968033897262879e-02,1.316992044948086214e-02,1.639273583008098514e-02,1.647964736111658113e-02,1.679324515569793549e-02,1.958289805640917730e-02,1.572478776766692010e-02
2.547236873749755826e-02,2.474186831230990036e-02,2.739750133342629124e-02,2.377636291166907237e-02,2.559279240249383650e-02,2.853908405977258547e-02,2.579011322692947861e-02,2.479500859451349778e-02,2.252630710837352085e-02,2.573417289775660130e-02,2.304997643512275360e-02,2.833602761909833831e-02,2.843356295458299154e-02,2.727391159714110183e-02,5.100008250484324712e-01,2.995745286922319589e-02,2.707651058510815098e-02,2.219308872612864650e-02,2.231041136579970524e-02,2.700265321462057971e-02
4.725572030032208770e-02,5.512754907831644152e-02,5.308416864647049621e-02,5.519189715201535534e-02,4.506492489581819666e-02,4.931988730286358813e-02,5.085941414199120908e-02,5.575534641040903044e-02,4.720891998405421508e-02,4.422843997814203398e-02,4.957462172587503990e-02,5.273727247455123335e-02,4.699203542315877336e-02,5.052086307535630372e-02,4.430019760658813338e-02,5.100627372040272833e-02,5.022436554051079582e-02,4.933760495426619402e-02,4.928237318893773783e-02,5.292812439995003143e-02
1.527823045288393029e-02,1.973791746935216543e-02,1.706784715783129722e-02,1.300515222612709867e-02,1.858505529026134237e-02,1.458319066723087233e-02,1.624779485877753810e-02,1.700068748849065808e-02,1.776453154967473982e-02,1.519284672735161761e-02,1.573785123166413641e-02,2.048606594237361439e-02,1.579795436698569824e-02,1.547610116611875322e-02,1.752104811039843779e-02,1.578666739332005783e-02,1.599856944786016977e-02,1.474558107494323977e-02,1.750545878156034921e-02,6.864814485967943858e-01
5.512454479930330858e-02,5.283570454184714077e-02,5.657068982854818184e-02,5.051044100581283947e-02,4.546233073097620536e-02,5.012734465757018310e-02,5.427204569574473753e-02,5.387695461865408403e-02,4.652895851432520963e-02,4.484183865322771689e-02,5.049275137517147960e-02,3.702131448945957665e-02,4.349516843715393877e-02,4.560125538708352522e-02,4.744402602069257291e-02,5.612893909966941430e-02,4.733953369704306524e-02,5.246773960866966957e-02,6.068318411687138869e-02,4.917523472217520675e-02
8.271059166868951693e-03,9.046171926163916813e-03,9.649643184849046942e-03,9.112322026860172897e-03,7.911384415490779407e-03,7.840615497808426856e-03,7.181214213585104464e-03,7.724691541194537645e-03,7.708563942323902810e-03,7.283748623269146842e-03,6.545448952566115981e-03,7.410711511624796730e-03,8.478767870667204276e-01,9.163616762685103737e-03,8.494890233560694823e-03,6.756333712212721741e-03,8.273279335932413533e-03,7.921484120115096159e-03,7.380325003311338262e-03,8.447708762857514958e-03
