5.770106700692805533e-03,5.362860196174158191e-03,6.393152795546596517e-03,4.541071781561002371e-03,5.138643544515463131e-03,5.826228801411061781e-03,5.998849834185408791e-02,5.085303265798550056e-03,6.136424369196879364e-02,5.826972977130690651e-02,1.169971592218631840e-01,2.286471291475741519e-01,6.307256240295550619e-03,5.883788348532969018e-03,5.223075410654196178e-03,6.184846809326294270e-02,5.967279394818449448e-03,5.874564359529254112e-03,1.666774756778791333e-01,1.681542511056572375e-01,5.744282119556189461e-03,4.935431989547440189e-03
1.078623347434990755e-02,7.909959595127859580e-03,1.064375251098292341e-01,8.951757567334872948e-03,2.073024998184591350e-01,2.028371274746736952e-01,1.055063812680617948e-02,9.500523934731589307e-03,9.901235759183819526e-03,9.888108792822968354e-03,9.557098312168220075e-03,1.120210867313408201e-02,8.825311008690741449e-03,8.729350466468782307e-03,9.659998297871019018e-03,1.011438815766073883e-02,2.037375074351032711e-01,1.140602824144032884e-01,9.358567551306770996e-03,9.486338903632308278e-03,1.073199312237524752e-02,1.047144600386579714e-02
4.025283662721643348e-03,4.792615269100916967e-03,4.817396589848151056e-03,4.876410847781882316e-03,1.023374595352652128e-01,1.044107068227928259e-01,4.358802757178615976e-03,5.657114040367354837e-03,5.146941622545130393e-03,5.923633884987965920e-03,5.349734599762868970e-02,2.524193606900149156e-01,4.689824831588654264e-03,2.528637943343430283e-01,1.031385831654580004e-01,5.613656737727205914e-02,5.656850578749135147e-03,5.615348624225529814e-03,5.218832605441195947e-03,5.016771416994506363e-03,4.561658224985715507e-03,4.838697120708585798e-03
1.511554809755866202e-01,1.731475291279115092e-02,1.363586424791857557e-02,1.191176844115644437e-02,1.357292614021582584e-02,1.375761104947541454e-02,1.411362104149127203e-02,1.129257956440024580e-02,1.375841702293418081e-02,1.280869325712917506e-02,1.558364239006289065e-01,1.480537043541564901e-01,1.462783656974716608e-02,1.587989987669641279e-02,2.892487424328435419e-01,1.383125798587290199e-02,1.584610824359636641e-02,1.525121599006816660e-02,1.670261310224002357e-02,1.305033652184554860e-02,1.253698177346382683e-02,1.581316459574194991e-02
1.011426621291593858e-02,8.945064026247565719e-03,1.016957805684855776e-01,7.279604210988068445e-03,7.849277644098064805e-03,7.657285634999720127e-03,9.818038732049048922e-02,1.002928607863406638e-02,1.841137442712005579e-01,1.031150927732954747e-01,9.186554850685809542e-03,9.325656867235215808e-03,1.007056521556617436e-02,8.620893965601535494e-03,8.085646696109897308e-03,7.250495049289304439e-03,8.981176813178186683e-03,3.637992247009052549e-01,8.747962197364955728e-03,9.045870190279003617e-03,9.237536236871393344e-03,8.668628475558574561e-03
6.205927236792700002e-03,7.080076972943522874e-03,1.236129501968125655e-01,6.031682483419028781e-03,5.873568921426660684e-03,6.165931997746823892e-03,1.285042838309709834e-01,1.928555395992234966e-01,2.571932192354882685e-01,6.533556890988036214e-03,6.484274781900781909e-03,5.375969618284693816e-03,5.790541491056852910e-03,5.400640986957816643e-03,1.931096855842252824e-01,6.069748151240328231e-03,6.073577741088213508e-03,5.934820714666100977e-03,6.528624603209068865e-03,6.168734447787406483e-03,6.631854847585597588e-03,6.374789666185874323e-03
2.093593219218660081e-02,2.028310590561722276e-02,1.886569468734816679e-02,1.580500528259491319e-02,1.698072293613118663e-02,1.756045121097299377e-02,1.957044558100695664e-02,2.092707316101142523e-01,1.924306629252559020e-02,1.902413047038807592e-02,2.204133467694591730e-01,2.111644604480013010e-01,1.773155872311815359e-02,1.932654456664615467e-02,1.879965368091657263e-02,1.889212023790053097e-02,1.874843175641557544e-02,1.994772394479330663e-02,1.826391168311704630e-02,1.859222631847402135e-02,2.209000279800456962e-02,1.849073290426772251e-02
4.642799127906357959e-02,4.105615118552585242e-03,8.899181670564174085e-02,8.977168486065649489e-02,4.838819860513483666e-03,4.434174651701545088e-03,4.837241603260477446e-02,4.171271781588888929e-03,1.352798144179880868e-01,4.848733527188221759e-02,4.805521644360065403e-02,4.846656115181093710e-02,4.630446936827361214e-03,3.898901724168381544e-01,4.459862243364260369e-03,4.013912273951984050e-03,4.059374825072376881e-03,4.143351416852648732e-03,3.808863693049965079e-03,5.022501861394763206e-03,3.767381408139380567e-03,4.801415348904073017e-03
9.073432299647523139e-03,9.929759261647871579e-03,1.012269636740390465e-02,1.028954704401124041e-02,9.863197005378404950e-03,1.065533425535328607e-02,1.098372562280620218e-01,9.457322104098685178e-03,1.087824524642838353e-01,8.715780109164262060e-03,1.098143396954972262e-01,2.002437782015916157e-01,1.004333755093499148e-02,9.504757424240055375e-03,8.439149396549371421e-03,9.318330847794728186e-03,3.041178533591972766e-01,1.149799626021279740e-02,7.899534924381621318e-03,1.044247421759440450e-02,1.116290121709677743e-02,1.078876976585857288e-02
1.817575585679923611e-01,1.669613406031227737e-02,1.738607817396359972e-02,1.728803253912679361e-01,1.816818548125200342e-02,1.611532737759917983e-02,1.353404956557119690e-02,1.618221403888861487e-02,1.569189389171798260e-02,1.724835108253746155e-02,1.692667138991236359e-02,1.752044240725463692e-02,1.703291729008377803e-02,1.692046902448333390e-01,1.787566618212798331e-01,1.693753175949343562e-02,1.881919222119172314e-02,1.565193263059394199e-02,1.474704816623721194e-02,1.728598809275487536e-02,1.684237367532567808e-02,1.461443266993674509e-02
6.627812194767069079e-03,5.829358325564047705e-03,6.871839536564157414e-02,6.271584538965096697e-03,6.728004772699018587e-03,6.410294252838058190e-03,6.684304825946998582e-03,6.527151173267417908e-03,7.279308590329382211e-02,7.507998140643118434e-02,7.500070677474655889e-02,2.004497063443389793e-01,6.424838412657062590e-03,6.267897873222893872e-03,7.164750580797340888e-03,7.321760831565511662e-02,6.153325875970468324e-03,5.749682784758793422e-03,5.722196279552209212e-03,6.541655183143124316e-03,6.210790735109164400e-03,3.394268680806342142e-01
2.695788156109669709e-01,2.091761663363467597e-02,2.376080542409178195e-02,2.215306266174997193e-02,2.574992981489749103e-02,2.731366028642894656e-02,2.643823285652786848e-02,2.380983567822474167e-02,2.244392711140318075e-02,2.552167000792221474e-02,2.204986846288341587e-02,2.334676289422842402e-02,2.350745105642672653e-02,2.785550689271738822e-02,2.261231384833235075e-02,2.230241767421537596e-02,1.922708409153978115e-02,2.206753613064789399e-02,2.491470158305261057e-02,1.932888058882773971e-02,2.629175679989100844e-01,2.218235269237032320e-02
1.278838461801594904e-02,1.100317712898984945e-02,1.274913948261412536e-02,1.365548882413250564e-01,1.181369862370722397e-02,1.343446189621196225e-02,1.206054226680837275e-02,1.193680046005980190e-02,1.180865448317937674e-02,1.387139573047517782e-01,1.263488377852216814e-02,1.317534068607555953e-01,3.766544779475009541e-01,1.204599745848564281e-02,1.233006377247972477e-02,1.287604030024963077e-02,1.109925987260275589e-02,1.277066807593486321e-02,1.073972896113241891e-02,1.033161750100280128e-02,1.260447515720943858e-02,1.129567580846012505e-02
1.556517647808320082e-01,1.241739444171698244e-02,1.335121758287793545e-02,1.508341036007576109e-02,1.547863001634518232e-01,1.532420236421592474e-01,1.513396977314446223e-02,1.348441309945377399e-02,1.469911565058223436e-02,1.266352553307752322e-02,1.591265119509891607e-02,1.422554568727029713e-02,2.860425120777085328e-01,1.368593903472954329e-02,1.527029257575846302e-02,1.348958670529057206e-02,1.481015310759868295e-02,1.497403680974248620e-02,1.294067128050671589e-02,1.397073269864904273e-02,1.175449416451222924e-02,1.241024963576302029e-02
4.861826115957007532e-02,5.161471465494869154e-02,4.814561848000988714e-02,4.958434203388246281e-02,3.942251316491963975e-02,4.626746904384180376e-02,4.253709218572196415e-02,4.781139292131290908e-02,4.069095591687439673e-02,4.298124017370548444e-02,4.679114426390562631e-02,4.419980031864512854e-02,5.128885987274182934e-02,4.397941498423781070e-02,4.678991285933224026e-02,4.956566959964300162e-02,4.052787529760950441e-02,4.336130607872520221e-02,4.856609916174877556e-02,4.339365735012161440e-02,4.317947393855595117e-02,4.068318653994600770e-02
8.813361442258627054e-02,3.826598815310831014e-01,8.688576475456596948e-02,8.359122935263203769e-02,8.511123222288072276e-02,8.025086891066296468e-02,7.324088495714736920e-03,7.998707918643786774e-03,6.704997527461205656e-03,6.797027264530444181e-03,6.943687212521263211e-03,8.072468217410271041e-02,9.342093913119254786e-03,7.109228523008601260e-03,7.022664813470656797e-03,6.848159567883232990e-03,7.646855739336507092e-03,6.937871311834166096e-03,7.471776869747102749e-03,8.058617718133515018e-03,7.882484613743424504e-03,8.554465142338697065e-03
3.931878271180551387e-02,4.642560661019030227e-02,3.660612739097550417e-02,4.843280773420365753e-02,4.918287030456772180e-02,4.386169062261226215e-02,4.705664904424698702e-02,4.482286578485840389e-02,5.022414323413808973e-02,4.136995774387292046e-02,3.836865063764013928e-02,5.238693427112608991e-02,4.756091098610314843e-02,4.993168903570062434e-02,4.396753308696912943e-02,4.432944133344390858e-02,4.114619638548933089e-02,4.481130429341735610e-02,4.241841019663770973e-02,4.858298774341927168e-02,5.138238787825537279e-02,4.781205297032638246e-02
7.521728808936080368e-02,7.058260950492519122e-03,6.853140568503983225e-03,7.513531162754079340e-02,1.412754484117408615e-01,1.536420232461628010e-01,7.466135090803093823e-03,2.928912709078869137e-01,6.380429069604383850e-03,7.926978982787277750e-02,7.714108533098484530e-03,5.670188728496325381e-03,7.121687061138668590e-03,8.198022519308156494e-03,6.564327568574290089e-03,7.224543110941615207e-03,6.345420682624622680e-03,6.919482140367852994e-03,6.571818025967237145e-03,8.144616598355379489e-03,7.571645151488649861e-02,8.620235726271541568e-03
1.239228254796622547e-02,1.227653671317844447e-02,1.110053372700075050e-02,1.085543064113104680e-02,2.574061252571547276e-01,2.566649573137584905e-01,1.325593652425236142e-02,1.308529235462871539e-02,1.084461416784007759e-02,1.246213471929117668e-02,1.201699970364471411e-02,1.115969078990649947e-02,1.348155017628748474e-02,1.119859231127610759e-02,1.231861070268892334e-02,1.151059245179666610e-02,9.231491468171036316e-03,1.406339137695025894e-02,1.358341788480765255e-01,1.361320114525263747e-01,1.221449793520357034e-02,1.049454881726994901e-02
1.018214938143306540e-02,9.038980756248935280e-03,8.218436011902916991e-03,1.074878284114578197e-01,8.527203055247959546e-03,1.147211404632100459e-02,8.349124064000502249e-03,1.142154157413508009e-01,1.052654655215189972e-01,1.060970218096890169e-02,1.226232481406859531e-02,2.091468865682778178e-01,8.853663717587084703e-03,1.095415452962972130e-01,9.184825424258382526e-03,9.278760133453883840e-03,9.451578591687527509e-03,8.466253472526842280e-03,9.258550702834770357e-03,1.127940369203478573e-02,1.995150603460419392e-01,1.039472807048051617e-02
