5.747371282344840467e-03,5.676719484140649655e-03,1.305062237446941997e-01,6.641469118626367081e-03,5.548992062259294929e-03,5.047956784411960010e-03,7.649868928484260602e-03,6.351561805923990889e-01,5.789366436770638537e-03,6.483606634370035933e-03,5.453027350143746510e-03,6.796822611687448196e-03,1.291744638708580417e-01,7.429939013833564490e-03,6.101837917099351034e-03,5.263839448593037908e-03,6.916004106196121243e-03,6.929669344942393505e-03,5.868116560267729390e-03,5.818524707877061920e-03
8.484506334204017924e-03,8.469511659452618260e-03,8.375945200853039951e-01,9.401036986941349594e-03,8.718226736968785404e-03,1.007343491380406804e-02,9.704407072359746630e-03,8.245752528320706917e-03,8.652855535052548369e-03,8.629305700806895463e-03,6.866699248129745463e-03,7.438462447356184934e-03,8.356496399720726720e-03,8.287349425571192280e-03,7.184766896403468363e-03,8.740939770313094215e-03,8.529718722058961602e-03,8.098665286468723426e-03,9.400230535662442224e-03,9.123113715100324844e-03
8.647631401208251758e-03,7.873262244910665328e-03,1.110871155420807728e-02,1.036778622824598671e-02,9.895736137908426461e-03,9.196292672393779552e-03,6.655178542249502553e-03,7.291774606400919061e-03,8.726648665229489593e-03,8.167575771970135221e-03,8.110660336123063849e-03,8.297792598850634027e-03,9.089015888511233973e-03,7.584934768877534331e-03,5.626026773005833939e-03,8.701095093151379675e-03,8.710343684519812960e-03,8.403340156204841538e-01,7.695008913671067333e-03,7.920508498078545137e-03
6.292761884040008746e-03,6.762293810310908600e-03,7.685187327488209735e-03,7.190515744712894404e-03,7.069464117137776171e-03,7.002948068874581544e-03,7.504964475213865040e-03,6.428469231220430846e-03,6.403233056844637866e-03,7.555112680483728506e-03,8.691268693432534498e-01,6.682655481399290241e-03,7.049960608515707522e-03,7.103187103832051853e-03,7.338313683335177459e-03,6.112006404216304215e-03,6.837525436770911652e-03,8.852144505918755832e-03,4.921675610729486436e-03,6.080711425701624054e-03
2.446473424078417572e-02,2.690430247281925050e-02,2.485431310111256564e-02,2.403033206693536844e-02,2.519579081389691430e-02,2.714551924169407784e-02,2.553354002825328900e-02,2.384934779461327786e-02,2.579326558744159809e-02,2.519493684515585266e-02,2.575749717270638117e-02,5.271121567727450330e-01,2.332241527588348878e-02,2.669641460185608051e-02,2.466276775604829552e-02,2.527459856567776039e-02,2.650740068503872754e-02,2.198027285071471604e-02,2.235977014771858146e-02,2.336062397890442677e-02
1.582396668132921014e-02,1.695340062586094335e-02,1.624727527605079533e-02,1.857339196026513636e-02,2.059847969674493892e-02,1.529630199299675426e-02,1.502806920692231589e-02,1.770729367996651954e-02,1.515198816560409285e-02,1.937861105816966398e-02,6.727131574235553080e-01,1.427107170503618891e-02,1.713354996787147186e-02,1.678165223048227322e-02,1.532154670074336276e-02,2.255574338042819899e-02,1.923878435219495558e-02,1.910207561327913889e-02,1.720122933559181666e-02,1.492241094690740545e-02
7.433221673053550665e-03,7.645943970310487871e-03,9.898392473794617036e-03,7.423281815485954262e-03,7.169320648437931681e-03,7.936919779883687756e-03,8.410472552596519602e-01,8.212811543612379486e-03,8.811577693298152519e-03,8.569040362957257989e-03,7.240768724728661489e-03,9.497413336667457490e-03,8.321281005222625968e-03,7.790452970152284690e-03,8.883668218919234250e-03,9.493497103876915796e-03,7.558372418586973944e-03,9.302737682890320839e-03,9.364764717589261697e-03,8.399278600879817730e-03
7.639579911924578859e-01,1.039775292363868259e-02,1.048292356640930303e-02,1.158077918128310943e-02,1.426185345331424000e-02,1.112440014037311374e-02,1.233071905081615204e-02,1.181590113501720767e-02,1.193624568047271448e-02,1.232820165633314799e-02,1.170818776102372678e-02,1.350832711443018461e-02,1.273061328299489488e-02,1.615036130506641507e-02,1.359780265668757843e-02,1.143750045579977441e-02,1.436468193361510604e-02,1.120001549621900752e-02,1.357387621944480816e-02,1.151186579460321789e-02
4.907645408384502667e-02,5.323337194849862147e-02,4.918647530165777548e-02,5.493926670777365961e-02,4.766099511437699165e-02,5.050454737237516228e-02,5.358888379104466415e-02,4.355486652113130241e-02,5.847601935832996006e-02,5.136065005946500311e-02,5.516170289241031227e-02,4.989180086652036245e-02,4.990253001555112339e-02,4.184469265105723174e-02,5.344479219303205353e-02,4.709827702899679197e-02,4.606087803235510425e-02,4.991672933223016001e-02,4.540904770122786843e-02,4.968801902812051974e-02
5.098744560851790897e-02,4.768562049882433401e-02,4.918266269962452003e-02,4.889987795199270820e-02,5.250285260811247273e-02,3.815655973668736350e-02,5.437228047986349816e-02,4.980093215564972142e-02,4.928275921812023952e-02,4.600066862814491953e-02,5.068586632008724446e-02,5.353729570330686277e-02,4.516323770491386530e-02,4.862529816479316258e-02,4.456776058333524609e-02,5.189961022072058644e-02,5.265301257112073308e-02,6.172373274079499816e-02,4.843065979263115606e-02,5.584186661275811203e-02
4.635980304876598929e-02,4.398928281603717988e-02,4.849173065389156267e-02,4.718721016363605636e-02,5.233979971391961722e-02,5.041301230631882457e-02,5.475503777147089357e-02,4.503123045086666887e-02,4.421733786499425917e-02,4.551765065171380076e-02,4.676758913395079320e-02,4.810203078073756883e-02,5.239121879809728599e-02,5.262282642272817640e-02,5.755334045127186854e-02,4.894922018628127675e-02,5.529253402256303213e-02,4.754264612039887233e-02,5.328958266298066543e-02,5.918691597937537213e-02
8.274537858614440175e-03,1.155165017252126995e-02,1.050731642689840990e-02,8.134757318953175220e-01,1.255991477646362271e-02,9.087304520273186553e-03,9.081121536838506966e-03,8.026457195557364435e-03,1.006337541420858871e-02,1.121651864332754919e-02,1.219782422745238973e-02,8.726693255160155802e-03,9.099936352395705808e-03,1.127440242713295508e-02,9.268402833627554377e-03,7.351307002797573438e-03,1.027899544459145303e-02,9.597628383621725073e-03,9.804000130211747849e-03,8.556881502988179442e-03
2.719540510757101435e-03,3.505373312785070843e-03,2.300083014414896869e-03,3.071070369054380769e-03,2.520192727291595963e-03,2.446951713071730729e-03,2.756381036579212771e-03,2.537640714804509281e-03,2.880346003413832793e-03,3.399000714945933730e-03,2.400985341654875843e-03,2.176205346289375279e-03,9.500097623241497979e-01,2.272454165026146968e-03,2.300606243180640734e-03,2.890366902995714343e-03,2.755092404585817323e-03,2.465595069521690601e-03,2.159406738950031372e-03,2.432945346528193019e-03
8.284086944766995073e-03,9.986368599091440326e-03,7.990811881373870162e-03,8.434844785895803665e-03,9.043315170296080743e-03,9.158652400243038130e-03,1.051524121367732913e-02,8.087620391622956512e-03,1.072041478207257786e-02,1.195533856261386807e-02,9.597262063180832595e-03,8.199548243286705063e-01,7.583340941906404481e-03,8.559206912360312058e-03,9.058258459923576242e-03,1.136543697009999125e-02,1.075973280968297620e-02,9.311670852491758799e-03,9.598373443165088281e-03,1.003519848686448661e-02
5.333770930280647971e-01,2.250897729934949951e-02,2.282612535547810795e-02,2.531854161214723564e-02,2.101272988078244780e-02,2.435906604840781114e-02,2.817120258156379994e-02,2.505706639777924988e-02,2.474006786769197136e-02,1.666699248583153325e-02,2.026537115767428759e-02,2.833020161585883545e-02,1.900717242226751882e-02,2.693844499887903393e-02,2.752266134708707124e-02,2.551209728892617212e-02,2.874226815071932728e-02,2.416734811915616926e-02,3.146638521384138160e-02,2.401018712849397121e-02
5.829118276061153597e-02,4.785444586940836714e-02,5.565964199713409333e-02,5.757709163326391738e-02,5.021377327858641409e-02,5.120625444565438111e-02,5.142355855881627913e-02,4.899339234923465181e-02,5.310898919540488206e-02,4.845867407288371315e-02,4.448249824872230890e-02,4.644604201603350080e-02,4.928250898909031924e-02,4.543867100017819072e-02,5.894077992711044961e-02,4.921686020088523322e-02,4.221188141306073116e-02,5.054878640201899281e-02,4.084940631757948137e-02,4.979556132432235577e-02
1.042421192845318680e-02,1.320960404906722403e-02,1.513625112523781999e-02,1.159329892930362378e-02,7.720735876206689108e-01,1.083982985390833514e-02,8.991061002300253582e-03,1.189212158067821240e-02,1.563447033260223495e-02,1.320816380544922487e-02,1.373232873826191712e-02,1.228131865176835744e-02,1.072802497908731736e-02,9.821937025471879149e-03,9.504683632998557966e-03,1.124602351891452502e-02,1.109381915468609162e-02,1.362829768480504529e-02,1.202432548751162372e-02,1.293664089882509867e-02
1.029983983811529405e-02,1.046174426318344924e-02,1.020386850234517549e-02,1.080496879059692286e-02,9.038539294059821580e-03,8.396175320732971945e-03,1.126791869707063909e-02,8.319671970875573350e-03,1.087527498713312772e-02,1.003166840579381228e-02,1.159997882156254927e-02,1.025080006814180732e-02,1.064882505604395138e-02,1.006151146856664423e-02,1.065527975435010682e-02,1.033160926088005395e-02,9.930805526313889187e-03,8.363269262833714426e-03,1.070018909142796820e-02,8.077580616199729890e-01
6.844587271043884869e-01,1.432207428879305085e-02,1.631976326050663464e-02,1.525839376325453974e-02,1.839087902261503371e-02,1.689704357661954773e-02,1.338993180576330058e-02,1.589512939898484259e-02,1.553582546436599494e-02,1.679088086875393446e-02,1.504626315583300865e-02,1.368112969810181788e-02,1.896188299233509886e-02,1.909569648351646179e-02,1.784607434448996430e-02,1.800166244299665833e-02,1.589438692644615236e-02,1.987911412133044203e-02,1.655933884374153134e-02,1.777580243716303174e-02
5.439188639591977653e-02,4.005810718071107362e-02,4.860427770606372960e-02,5.202264704839067860e-02,5.966567268931312340e-02,5.259524150917549434e-02,4.884092240060952661e-02,4.634280784608840742e-02,5.709578482839976904e-02,5.240437188813766578e-02,4.526687707718836384e-02,5.210640708313706709e-02,4.730374802651109156e-02,5.247233231121090080e-02,5.572898329297677755e-02,3.817465449079775197e-02,4.909324045681984217e-02,5.581481591287344723e-02,4.445720760256223480e-02,4.756001425311323638e-02
