8.223449245735404978e-03,9.124793838447883138e-03,9.815716299244110765e-03,1.038972909176844039e-02,9.475465023717445298e-03,9.278713521165229960e-03,8.927220018448034367e-03,1.133258509803781663e-02,1.051250690426012470e-02,8.179470604332541792e-03,1.050438942125524744e-01,3.080544770815198952e-01,8.975098776624182428e-03,1.038205252986725002e-01,2.110689113831960562e-01,1.082052499193638384e-01,1.025800302997692710e-02,9.924238346897375565e-03,9.351388778983780667e-03,1.166930484055045229e-02,8.918023597188873622e-03,9.451235089316703877e-03
1.564265012725080950e-01,1.246950477956851495e-02,1.372968772561682094e-02,1.376866749593722537e-02,1.566422862348578748e-01,1.473690822914897058e-01,1.419749568372118131e-02,1.354679085523705952e-02,1.311386869497047948e-02,1.510517576318864789e-02,1.310442981368793378e-02,1.365793750755666010e-02,2.925242738695566502e-01,1.375402881260879423e-02,1.205485364564481618e-02,1.379018351489459844e-02,1.431742333842800190e-02,1.460917307331584779e-02,1.490204623968892014e-02,1.243763911269117096e-02,1.334521712544689542e-02,1.513373314938373619e-02
3.742722541941019814e-03,4.313752768772308524e-03,4.261945792538481513e-03,5.206326364765014036e-03,5.416524487489338818e-02,5.047530356224902426e-02,4.928558357033661907e-02,5.228089087418316509e-03,5.306036618716842429e-02,5.249982717078086059e-02,9.894266953040635471e-02,1.993145912364020778e-01,4.138932133109340071e-03,4.660319288198227876e-03,4.795461158639313486e-03,5.251293179186118654e-02,4.472381184851539557e-03,4.574619194222353732e-03,1.441653616930373694e-01,1.916427541638248966e-01,4.598525576629678042e-03,3.942291127954820895e-03
8.593468739556785543e-03,7.752436250156574844e-03,8.813655052930843836e-03,7.849265095721176880e-03,8.817906943460650238e-02,9.125094912683261172e-02,8.431820123927884908e-03,1.779068678800031222e-01,7.656338446501372713e-03,6.664400560940920461e-03,8.703999735808302940e-02,2.542974934292407951e-01,7.499575040024328981e-03,9.586813046095407631e-02,9.790209021475376402e-03,8.462082212110182827e-03,8.609048399266152479e-03,7.823478666017664659e-03,8.489448126494265889e-02,7.074988296657017464e-03,7.288392927518269962e-03,8.253852212531748167e-03
5.446367653504547574e-02,5.398394129352450561e-03,1.072670787007918847e-01,6.525360788817526937e-03,6.265332863450171798e-03,4.934042908477600034e-03,5.825582368279071804e-02,4.551109059003954731e-03,1.592764300053691184e-01,4.343144499774679278e-03,5.921514351909991369e-02,1.112315072926953613e-01,5.604189099879119604e-03,3.698950850439384208e-01,5.695590598166779504e-03,4.973058808232476424e-03,5.454890769896427426e-03,5.118622197145678010e-03,5.866036410818103314e-03,5.583221753445770374e-03,5.125950826716215228e-03,4.956310507092686647e-03
1.254382033744169157e-02,1.310126228173389210e-02,1.579441159771568029e-02,1.260071468104321732e-02,1.556739549938697953e-01,1.546751739495736966e-01,1.385394587360586419e-02,1.518646438869846772e-02,1.541832085550219091e-02,1.525163608700630946e-01,1.453342885034508009e-02,1.194720496465651038e-02,1.212755613363597322e-02,1.090400785297656466e-02,1.356121659954813256e-02,1.304392634929099973e-02,1.313256885882280525e-02,2.908819153067477292e-01,1.453664475483716634e-02,1.291306485833641077e-02,1.541803137864544530e-02,1.563600426290957454e-02
1.116925745856492055e-02,1.558683121903103701e-02,1.275918206760423210e-02,1.264678313660265105e-02,1.720859493475548202e-02,1.256379444897596717e-02,1.534043172801122235e-01,2.864951780002600867e-01,2.954716006807733830e-01,1.393432077941245649e-02,1.437454193722312312e-02,1.230216206841170702e-02,1.447581633907257977e-02,1.347855522307491935e-02,1.442225130861623031e-02,1.513362719006926954e-02,1.624113760163417228e-02,1.177543183677116564e-02,1.300115154294618006e-02,1.471255925671508327e-02,1.434143982158870602e-02,1.450146586778427484e-02
8.279052583796126311e-03,8.172722445438828504e-03,9.178062047296189907e-02,8.267127037958673513e-03,9.096932121099531726e-03,8.517406597905724866e-03,1.715255951743264728e-01,7.840830447765954545e-03,2.563931186841642562e-01,8.224236181220940384e-03,7.939179015712895596e-03,7.608186739514318994e-03,7.671433263429527395e-03,7.446336645352413450e-03,2.522953751954628010e-01,7.719557042085504507e-03,8.633165006356485760e-02,1.084013284245663108e-02,8.619040115155515019e-03,8.263722853846517183e-03,7.463137403292682999e-03,9.704607073488209085e-03
1.129006973988375823e-02,1.008746765215233314e-02,9.968945449746564533e-03,9.140438071126107469e-03,2.071430053078154310e-01,1.983126688762439083e-01,8.376919816062589064e-03,1.109820028023280197e-01,1.032401139056225159e-01,1.080088195134415972e-02,9.641230563417247518e-03,1.124849624355381446e-02,9.673360187720832573e-03,9.659499940630568438e-03,8.932729821022621780e-03,9.341898562878640788e-03,9.757457465437950964e-03,9.984626277017539034e-03,1.045339772523433061e-02,1.009643618616630489e-02,2.122120085370775011e-01,9.656344917516919077e-03
1.526659117255072806e-01,1.317424881151253377e-02,1.264207136454688872e-02,1.382747832127676976e-02,1.415333813968712093e-02,1.444286664153533739e-02,1.238565332372042367e-02,1.627407415816757227e-02,1.415080201625837364e-02,1.627730376861687145e-02,1.433594929208499291e-01,1.572913380776142511e-01,1.323174482928627868e-02,1.379789449311407019e-02,2.962176124222062890e-01,1.423303312478555079e-02,1.349168705763112257e-02,1.336467403624636528e-02,1.371534246889365150e-02,1.230302365641094964e-02,1.423381629735905735e-02,1.476659234477376188e-02
6.362655670186725954e-02,4.813813930314568557e-03,6.446366454533940249e-02,6.401825295980444197e-02,6.257248244854857720e-03,5.923361217361505782e-03,6.287053064013539173e-03,6.209057913729019995e-03,6.104691999796620083e-02,6.419982901906043371e-02,6.606211735087894055e-02,1.214227884861639739e-01,5.694200685039557154e-03,5.687655820104652385e-03,5.905063699502215158e-03,6.685546759497909552e-02,5.630846130711867660e-03,7.167627989863557640e-03,6.172643355951373638e-03,5.724043727372589083e-03,1.185166501779498643e-01,2.383151373871712775e-01
1.031014679226949365e-01,8.416930941179151526e-03,1.067054760325884255e-01,1.077531505830836012e-01,1.041861759574645198e-02,9.570105261743885872e-03,9.213628759425740791e-03,4.088212550809957047e-01,9.927119994838208214e-03,1.068009809637306823e-01,9.879929678439487717e-03,7.423843321878431309e-03,9.189353194122250323e-03,1.173335308048446823e-02,9.033493281896794180e-03,1.030548433362671844e-02,9.395225382245284140e-03,1.154775604311984727e-02,8.237469244828831555e-03,1.252596253583956355e-02,9.603892984862680282e-03,1.039550378262894814e-02
1.365733095956341535e-02,1.366313147426696101e-02,1.450495017476206849e-02,1.517924891719317493e-01,1.532887146420301196e-02,1.470553858069552182e-02,1.360793949088282342e-02,1.164413171471073705e-02,1.465835573291413702e-02,1.441946256879368671e-02,1.579786201979741511e-01,1.483614682500393467e-01,1.077587338604557056e-02,1.498574015745971627e-02,1.550779103672592085e-01,1.359225004006200596e-02,1.533432661209161163e-01,1.424605255345666628e-02,1.177961349240093381e-02,1.491352402725797631e-02,1.424032605184192592e-02,1.272315402256241762e-02
1.024824230923627837e-02,1.013604579488860437e-02,1.224836979681953875e-01,1.100171206975304045e-02,1.025471298802393440e-02,1.092689323646726073e-02,1.165667341557694026e-01,1.043592246693221537e-02,2.303865569877755481e-01,1.073373321265456634e-02,1.086348162508917609e-02,1.111970284733729275e-02,1.080350710975995152e-02,1.028878445706106134e-02,1.230068062615431029e-02,1.182168983881889956e-02,9.488247369636441247e-03,3.353914196301086004e-01,1.067546445400029305e-02,1.138338444769210894e-02,1.141902674698009115e-02,1.127035965766539499e-02
5.160607296622782107e-03,6.291487923750680236e-03,6.832792915228994013e-03,1.318228365557080894e-01,1.303290461907589959e-01,1.291639716706534380e-01,6.617493459512128334e-03,6.959796893098603617e-03,5.489791310170345079e-03,6.912825592367739802e-02,6.682214942158078673e-03,6.856427460569086696e-02,5.906689734689069687e-03,3.723122828130389084e-01,6.435123138749543163e-03,5.832843812018042966e-03,6.056701362902572848e-03,5.834536391488274500e-03,6.775683774220287933e-03,6.405172897054612659e-03,5.993728840392654154e-03,5.404667548415329793e-03
1.040232906223297928e-02,1.192413527245044999e-02,1.164873490522186500e-01,1.157460705763066477e-02,1.183085210524531389e-01,1.218993762381016394e-01,1.061598699294468741e-02,1.115251966918345827e-02,1.309660330986361747e-02,1.120768601705249799e-02,1.193133291200871270e-02,1.134522360265161900e-01,9.620391702165163525e-03,9.490310441596573610e-03,1.182148037424536266e-02,1.185159634462190983e-02,3.397635159282960671e-01,9.954999894665916838e-03,1.273668785801523352e-02,9.931417925003648006e-03,1.137134243456897412e-02,1.140557443416439880e-02
8.460427116253695090e-02,3.836718106798330807e-01,8.261507531606812615e-02,7.844510977130561558e-02,8.581072302546877140e-02,8.216246845913247054e-02,8.602173664014322110e-03,7.768008837834968795e-03,7.764691931675796188e-03,7.080020267383249459e-03,7.766101336356497423e-03,8.433117097861402012e-02,7.329023284343286378e-03,6.594279086453930586e-03,7.421273863210612297e-03,7.110168679173281894e-03,9.073381803438848592e-03,8.211493018406660141e-03,7.894067347696435283e-03,8.502486626731114994e-03,7.637307121772757973e-03,9.604893738549011642e-03
4.404831942443907661e-02,4.038700136923865924e-02,4.492892944682001788e-02,5.194436653902081980e-02,5.155544367053459948e-02,4.577779598027051366e-02,3.903837881339432270e-02,4.452521273570583110e-02,4.407793454493112023e-02,4.294878564588532760e-02,4.516063308072398863e-02,4.798299018690887346e-02,4.774516197343239149e-02,4.968391931103997849e-02,4.777545166084079531e-02,4.373702292547472503e-02,4.262676381822025351e-02,4.609091015331749641e-02,4.065300206641748321e-02,4.933801427055897748e-02,3.996042934341813291e-02,5.001353303940652556e-02
2.630933656184219482e-01,2.261702139318201576e-02,2.533331646727451231e-02,2.686113451128090135e-02,1.969743370019481910e-02,2.436956272463636219e-02,2.329949033850799156e-02,2.295182953930038211e-02,2.203420613937432868e-02,2.469717576544768964e-02,2.164206427881646549e-02,2.303845666585601151e-02,2.782454697415488731e-02,2.535689285713070840e-01,2.766971095101919062e-02,2.699831960303030950e-02,2.493943101308917012e-02,2.733345748906571004e-02,2.332743037145553963e-02,2.230612610563664430e-02,2.149623527122433014e-02,2.490075650772395621e-02
9.819886104373346664e-03,9.982603349095385895e-03,1.091726084901143735e-02,1.048353487960114461e-01,1.096195680539603819e-02,9.197598229716476281e-03,1.159969235109930240e-02,1.057684076186972758e-02,1.037904231679102895e-02,1.061733523514848815e-01,1.225302210600006693e-02,2.037233207887931274e-01,3.021912001948560689e-01,1.175616176531186878e-02,9.685648924112846836e-03,1.113165174098349613e-02,1.033476585634574008e-02,9.150423441006597103e-03,1.029474500531277377e-02,1.118751979706779365e-02,8.925754103131351702e-03,1.049222043622285716e-01
