4.659088951061844328e-03,4.914017864390974287e-03,4.201863044060280723e-03,4.323896354442737996e-03,7.066439217006721396e-01,5.462578199019058230e-03,4.456680985721302515e-03,4.973769052429814243e-03,3.674400850778608129e-03,4.827526411912441175e-03,5.121643837385155516e-03,5.280392262227991997e-03,5.571001768873989554e-03,5.269587667000859982e-03,4.491077852376332280e-03,3.893969062112885744e-03,4.985436184765022066e-03,2.074760420990119092e-01,4.634387764707037505e-03,5.138718087048468712e-03
6.434390728519492897e-02,5.827422975274738209e-02,4.891172787023869567e-02,4.707795675474028829e-02,4.554947187115562790e-02,4.669925799372482561e-02,4.739083685683669056e-02,4.829623763395844704e-02,4.584314417366929656e-02,4.912270931581496497e-02,4.011966613229902417e-02,5.012768727934652918e-02,4.655173083003262546e-02,5.383351197435284202e-02,4.438648821305060665e-02,5.834530200128090066e-02,4.974123152016063365e-02,4.720966065908638321e-02,4.795534129062255929e-02,6.021990059168617904e-02
5.476938108798745652e-02,5.394772704175764683e-02,4.340685434227323919e-02,5.113079513488071048e-02,5.166350288053067619e-02,5.318487400137995869e-02,4.915674124326157440e-02,5.185796516227804409e-02,4.634306400707538520e-02,5.541417813454146968e-02,6.264594283343671854e-02,4.601513930398755392e-02,4.833995968173182556e-02,4.422237290948707183e-02,4.276751954393170213e-02,5.328532216048226938e-02,4.726931650115222261e-02,4.656791854515390794e-02,4.787296792108208104e-02,5.013845756358849964e-02
6.475223974398309004e-03,5.911534259588604491e-03,6.986958128794099228e-03,5.092434005172796936e-03,6.088277214368461795e-03,5.875971052657721731e-03,6.390124146462960314e-03,7.351698849598103068e-03,6.222131560810719580e-03,5.088101067873166405e-01,5.387690268664937186e-03,3.804387516058950203e-01,6.884179044675125397e-03,5.436456671556477195e-03,7.417327935773486945e-03,5.616746548754204121e-03,5.943807433380598505e-03,6.800162752680735667e-03,4.776466195681458062e-03,6.093951563769563380e-03
1.703207377520484997e-02,1.640588001061992623e-02,1.700196638827673745e-02,1.787857256368695011e-02,1.369044260686189465e-02,1.869901827115924911e-02,1.392314150908176805e-02,6.685339696015182298e-01,1.591638656256130768e-02,2.066564495938048862e-02,2.098158851410182602e-02,1.873952914394845862e-02,1.675516615533577044e-02,1.929299253547332380e-02,1.853945851646502871e-02,1.974649802200471524e-02,1.600023394915047262e-02,1.538474162952841763e-02,1.668899368589611687e-02,1.812370159974369122e-02
1.109701686432267020e-02,1.045696981948461730e-02,8.323124615101075430e-03,1.152594890973756940e-02,9.866799181837231786e-03,1.359095463851918428e-02,7.478492109654464974e-03,1.032104741019213533e-02,1.041923327615790207e-02,8.153167336552642752e-03,1.173037664114036545e-02,9.837654512356099751e-03,9.933831088266368778e-03,1.040293130718625628e-02,8.044219895173410073e-01,7.998849985935063342e-03,1.252929502487223727e-02,1.127332254721195859e-02,1.096312033510834366e-02,9.675874879021150246e-03
1.091523916739266069e-02,1.429972384756401926e-02,1.095396997623455070e-02,7.675649581955260592e-01,9.915099940721788796e-03,1.214725056838661214e-02,1.131649731944603561e-02,1.290612009536000471e-02,1.269040103092358707e-02,1.328504563416242623e-02,1.376424804190139531e-02,1.188251052669623761e-02,1.511621387295449155e-02,1.178749851191461528e-02,1.107752838151004893e-02,1.381833346920242206e-02,1.112663281910143513e-02,1.092160113907439563e-02,1.302999362270908928e-02,1.148113383921865738e-02
1.033452493760290622e-02,1.303183664221728953e-02,1.371105676136464765e-02,1.338103236150548110e-02,2.680261947965660307e-01,1.125782533369000180e-02,1.456156397167984555e-02,1.006221461170272655e-02,1.247622836467720750e-02,5.048811879644438116e-01,9.359456720415496728e-03,1.369735490712817999e-02,1.151167714321270699e-02,1.178755305559563149e-02,1.385638036816177684e-02,1.469101537474446287e-02,1.425770947712012501e-02,1.326889850110092063e-02,1.198012394424500214e-02,1.386616476282621913e-02
1.479780635690737360e-02,1.663768598757673842e-02,1.886918694400500571e-02,2.139381786337520713e-02,1.513855377807382316e-02,1.829349595342941170e-02,1.627636150106762103e-02,1.926249943753015684e-02,1.481505277700801738e-02,6.816942948593314178e-01,1.626759434143424179e-02,1.491035272883960844e-02,1.824069985268801652e-02,1.898769467130597896e-02,1.577053222767637458e-02,1.822317696662957565e-02,1.792296946404827590e-02,1.514389322119571654e-02,1.360725480136166891e-02,1.374707626651507780e-02
7.026144475216112781e-03,8.163066942692632361e-03,4.820828253026064603e-03,7.138884757841453509e-03,6.025213228708820729e-03,7.876356452641836495e-03,7.585441570060320188e-03,7.449019371348808774e-03,8.862156515711212823e-03,6.314781048332504011e-03,6.559626503387141691e-03,6.219277191566602477e-03,7.494920847166170082e-03,8.249639372177963378e-03,6.843732965062676414e-03,8.050514413973275732e-03,8.407632545892565479e-03,8.634120473210872282e-01,6.838178222668749202e-03,6.662538001436164523e-03
1.692909437135641307e-02,1.679954307323855769e-02,1.735171921734094888e-02,6.715736553608564474e-01,2.027500716535275346e-02,1.788949537060643274e-02,1.751366757813911657e-02,1.746535047569989368e-02,1.225175511333946241e-02,1.557916886599436737e-02,1.555397185656490905e-02,1.958438302436996473e-02,1.941336670176684737e-02,1.561552269489440044e-02,1.754017887935948455e-02,1.410302271931358244e-02,1.849427055179263951e-02,1.840444961647724406e-02,1.771565575660910205e-02,1.994672160692809171e-02
2.968259693887061873e-02,2.499134735556632694e-02,2.301388036638097809e-02,2.126918525075012154e-02,2.184466663306052631e-02,5.146375074115184800e-01,2.186880796501390264e-02,2.600821459540675340e-02,2.486073766181090550e-02,2.641939269301545046e-02,2.633963951210475593e-02,2.008026861140532401e-02,2.528483011986381798e-02,2.531365265319755406e-02,3.081516718138001265e-02,2.454187550693882891e-02,3.018051722362604869e-02,2.565839621371964613e-02,2.958651709692733042e-02,2.760279900944277720e-02
1.069389101282117518e-02,1.030659061365185938e-02,9.361428661804453016e-03,1.160566976468587613e-02,1.040553933685898352e-02,8.010878317540993665e-01,9.916945541461807609e-03,1.148362043525381036e-02,1.058140687566882718e-02,1.025477808481727211e-02,9.937866208161522802e-03,1.069586529934734784e-02,8.667047890094370377e-03,1.125548170330350171e-02,9.394249322053344411e-03,1.268753773317756253e-02,9.225792654046572130e-03,1.035055644388204604e-02,1.059244158884468413e-02,1.149545907596593100e-02
8.035700235712386896e-03,7.905160623769507885e-03,6.979623855472635342e-03,8.519426635882731969e-03,9.824714308870483026e-03,9.232302382839990135e-03,7.858358329333970868e-03,7.884426122451031888e-03,8.777362623250111601e-03,6.658214045746652966e-03,9.516899443505668493e-03,1.000431704761817718e-02,8.447734213378138221e-03,7.865059868008164243e-03,9.160127374941224448e-03,9.031256073897960326e-03,1.053850094305085888e-02,8.373025227988381003e-01,8.959401647876534189e-03,7.498891425555728393e-03
7.792385088014140877e-03,8.653531709647612272e-03,9.772078222692583138e-03,8.463547618371584924e-03,9.368763244657674766e-03,1.027915058196242175e-02,8.620097723120910549e-03,7.984241155306364551e-03,7.869103816762465509e-03,7.655611855644109918e-03,8.715655003475424045e-03,6.594138581380104037e-03,7.896081867912555299e-03,7.553214268790076069e-03,7.643683976987558637e-03,8.738014089882095367e-03,8.427353536261918826e-03,7.560032485142363298e-03,8.425526473063721378e-01,7.860667867616393661e-03
4.504507202579307451e-02,4.577939851225251017e-02,5.182894102248059021e-02,5.008774981418197964e-02,5.701961028862990305e-02,5.841222204053154315e-02,4.964895982711668709e-02,4.721943584491578028e-02,5.162547476968590288e-02,4.832261990688077602e-02,4.281551246047456127e-02,4.374109092784035646e-02,5.319626461352579966e-02,5.411818924789040669e-02,4.555697497188664763e-02,5.343900380170320263e-02,5.060745794382716378e-02,5.311565282171374497e-02,4.748073547060815275e-02,5.093963368806101594e-02
4.055291877442632371e-03,5.061365924645764292e-01,4.692369930702315617e-03,4.038308944987481497e-03,4.580693627221127731e-03,4.291268336369130458e-03,3.705173444981078000e-03,3.658405025068988108e-03,4.442514463619187150e-03,5.470538192425828360e-03,3.863220540250417428e-03,4.173157159196432264e-01,3.994972956393231384e-03,3.494944714195488168e-03,4.589536552119786485e-03,4.467682245598042501e-03,4.366492820810814746e-03,4.042827113170788418e-03,4.189124131447384894e-03,4.604326698977171013e-03
2.872437657062718031e-02,2.682822285096585213e-02,2.686871915583192647e-02,2.689156463432254909e-02,5.250442984254118928e-01,2.189198503698976117e-02,2.196959691188936706e-02,2.618986058157829824e-02,2.545161310670802229e-02,2.843660996334515523e-02,2.163262839918957819e-02,2.684529844707313206e-02,2.315233445947449328e-02,2.351899036330883444e-02,2.838133595872062778e-02,2.733297915265004568e-02,2.580025094932175342e-02,2.750655175452714277e-02,1.906985769403605341e-02,1.846292558402842440e-02
7.801843523576258883e-03,8.073759312867221510e-03,6.940022861185620763e-03,8.151599382160380422e-03,9.738717709042634535e-03,8.617918720367526500e-03,8.938980423493479016e-03,9.809443824378819704e-03,8.631066677751840499e-03,7.090200594980674599e-03,8.799141237319769646e-03,6.128161716832730352e-03,7.927632686994878081e-03,1.019053500314568740e-02,7.765377108993855998e-03,8.153192051130159212e-03,8.396716787097461276e-01,9.824794039138421212e-03,8.583770381627230800e-03,9.162164035266574802e-03
4.445500665191693540e-02,4.863012166693454069e-02,5.568494424890537559e-02,4.709559099443077351e-02,4.851663432760232320e-02,4.560416676484017884e-02,5.844277819690540249e-02,5.114203161771064404e-02,5.193869977363343993e-02,4.973536281884842480e-02,3.912378512154773835e-02,4.633401124910718760e-02,5.127745354298925140e-02,4.508636404580457918e-02,5.633888269910316410e-02,4.804640512874010227e-02,5.010721992047093010e-02,6.723597702595784931e-02,4.671174208841170905e-02,4.849282211613892973e-02
